WGS84 UTM 19N
325411 4694031
-26.84256849915255 -20.77422043401748 16.734
-26.25939815840684 -20.78877818956971 16.734
-18.96187119721435 -21.70860658492893 16.77
-13.82260930276243 -22.2751681227237 16.77
-11.207932198420167 -22.58734997268766 16.783
-6.138047539338004 -23.183038659393787 16.781
-24.43829099147115 -21.081155042164028 16.755
-16.440035141888075 -21.981435416266322 16.765
-8.66605213121511 -22.882281492464244 16.783
16.803917117766105 -25.79887131601572 16.776
14.23451511352323 -25.506348736584187 16.767
19.425765033985954 -26.09887472167611 16.768
-1.0814219461753964 -23.759873947128654 16.757
9.175523668760434 -24.93255205079913 16.764
21.98725124273915 -26.34181451611221 16.761
24.139310151687823 -26.2103338772431 16.773
25.383631128352135 -25.315449819900095 16.751
25.114238797686994 -24.00624219700694 16.747
23.930406972765923 -23.485952095128596 16.714
21.690633353078738 -23.189312553033233 16.68
19.04470782680437 -22.845498647540808 16.709
16.505422026850283 -22.53829615842551 16.704
13.959660478984006 -22.215498834848404 16.754
11.54790493065957 -21.933082536794245 16.752
-1.382657467504032 -20.517747899517417 16.785
-3.8699581793043762 -20.23652711417526 16.76
1.3140412453794852 -20.844318134710193 16.77
-8.945030606817454 -19.66540213022381 16.7
-14.171171671128832 -19.00408172979951 16.715
-16.609983826812822 -18.705547956749797 16.708
-19.096744600101374 -18.402729970403016 16.7
-21.767153512337245 -18.1231049047783 16.735
22.665808813122567 -19.966696586459875 16.75
25.08941836084705 -19.77409055363387 16.756
25.825349458958954 -17.610331293195486 16.733
24.445611571718473 -17.05428767669946 16.705
22.34755336184753 -16.764271317981184 16.676
14.508562524453737 -15.809367291629314 16.74
6.993988314759918 -14.967490847222507 16.783
-5.890821860870346 -13.553289020434022 16.761
4.40552514634328 -14.705353256314993 16.764
1.0116969352820888 -14.345952010713518 16.756
-3.271496981731616 -13.862497627735138 16.765
-15.957317405787762 -12.3606500858441 16.727
-13.517737523594406 -12.628338338807225 16.72
-0.6405832474702038 -14.165821576490998 16.757
-8.368587265431415 -13.256872205995023 16.742
-10.96977026440436 -12.954287425614893 16.717
-16.019910678616725 -9.001021538861096 16.732
4.774284013721626 -11.483036204241216 16.757
22.485784923424944 -13.517681960947812 16.774
24.98564089462161 -13.570808990858495 16.779
25.752183335018344 -10.913980591110885 16.729
23.85509203793481 -10.548731978051364 16.721
21.41186204238329 -10.243928196839988 16.771
6.173505290527828 -8.416069259867072 16.735
13.698737231257837 -9.289077547378838 16.785
3.5774365592515096 -8.092012257315218 16.7
-6.920536057383288 -6.950345880351961 16.743
-9.364225992234424 -6.664038488641381 16.751
-11.847255675820634 -6.395267019048333 16.741
-14.49013986333739 -6.113245075568557 16.729
-17.03041968663456 -5.846129152923822 16.715
-22.00431681831833 -5.25591438729316 16.7
-19.625046887551434 -5.556050459854305 16.705
-24.75736624118872 -4.711876032873988 16.708
-26.22375540813664 -3.7771111028268933 16.692
-26.161046199384145 -2.3650787118822336 16.712
-24.840860540105496 -1.73135971929878 16.728
-22.905442492454313 -1.8444889709353447 16.723
-20.27062987536192 -2.0831023026257753 16.757
-17.611892770975828 -2.3716951617971063 16.747
-14.970011001452804 -2.693817298859358 16.743
-12.296342913177796 -3.025991224683821 16.743
-9.748071178444661 -3.3396018305793405 16.751
-7.270463327993639 -3.6421883162111044 16.748
-4.774636808549985 -3.94831511285156 16.745
0.3643815530813299 -4.52412020880729 16.753
-2.1482237491291016 -4.248441046103835 16.751
2.791677450761199 -4.825447333045304 16.748
5.4815093607176095 -5.151844905689359 16.744
7.974071599135641 -5.40541585534811 16.752
10.454968331148848 -5.667954132892191 16.759
13.055995122122113 -5.9767000786960125 16.768
20.826751515152864 -6.914471184834838 16.767
23.271365927357692 -7.163753563538194 16.772
27.210013758565765 -6.598457586020231 16.773
27.359153897792567 -5.207100983709097 16.777
26.17004867841024 -4.439762928523123 16.748
24.37654169619782 -4.1419149748981 16.719
21.703488041472156 -3.7850788356736302 16.766
19.203164048842154 -3.4757628301158547 16.74
16.695517536019906 -3.184781912714243 16.775
14.112710213579703 -2.8795784367248416 16.776
11.650571799837053 -2.5989908296614885 16.762
8.939388452214189 -2.3029272658750415 16.741
6.406201360223349 -2.0267374608665705 16.74
3.745638886000961 -1.7195894569158554 16.768
1.2398953395313583 -1.444082722067833 16.766
-1.2089056288823485 -1.179255722090602 16.763
-3.863145728595555 -0.8938678009435534 16.731
-6.343062413856387 -0.6838185731321573 16.754
-8.944856686983258 -0.4059106884524226 16.75
-11.490917421819177 -0.09544196538627148 16.757
-14.292036833881866 0.26460475847125053 16.739
-16.7927434638259 0.5585110373795033 16.727
-19.12986854184419 0.8051244458183646 16.726
-21.69902893289691 1.1069141728803515 16.733
-24.2857686013449 1.5295155504718423 16.74
-26.015100030926988 2.381337057799101 16.756
-25.06693174771499 4.521274920552969 16.734
-26.227385025005788 3.6860352605581284 16.743
-23.076398019620683 4.416029038839042 16.733
-17.782776072854176 3.8919071117416024 16.731
-15.274901881581172 3.610167327336967 16.723
-12.534068195032887 3.3102676421403885 16.726
-10.076352260890417 3.0359546719118953 16.732
-7.586850070802029 2.751589797437191 16.744
-5.10420853132382 2.467397063039243 16.734
-2.452872592257336 2.157389424741268 16.735
0.07078011811245233 1.8660019990056753 16.732
2.5400084756547585 1.5944926235824823 16.739
5.232509757974185 1.283460478298366 16.746
7.799845674773678 1.000244965776801 16.747
10.197717597242445 0.7120005171746016 16.745
12.844557676813565 0.4051974071189761 16.752
15.331697375746444 0.11781328357756138 16.757
17.873569716641214 -0.1771088195964694 16.752
20.47513347910717 -0.46426031086593866 16.753
23.127240920148324 -0.7434128317981958 16.751
25.539011733664665 -0.9332322040572762 16.756
27.589426981750876 -0.5646436074748635 16.767
28.23155420337571 0.49959166906774044 16.759
27.49237270402955 1.5982982199639082 16.749
25.874598707072437 1.9689217815175653 16.729
23.398454660957213 2.3301027342677116 16.763
18.39362220885232 2.9642713963985443 16.749
20.92359702719841 2.651128531433642 16.752
15.960083712590858 3.290440686047077 16.771
13.357235287257936 3.617749948054552 16.764
10.779312377562746 3.9351787278428674 16.751
8.170658703311346 4.213251513428986 16.739
5.548129607923329 4.485498678870499 16.741
3.1587909309891984 4.7488401578739285 16.735
0.4737677500816062 5.084378191269934 16.727
-1.9151086888159625 5.366228628903627 16.712
-4.601440334459767 5.649331510998309 16.728
-7.1393521124264225 5.919471417553723 16.749
-12.061565717798658 6.47135200817138 16.732
-14.659014319477137 6.739894326776266 16.727
-19.928532908903435 7.31279565487057 16.726
-17.5044295709813 7.067097157239914 16.742
-22.51575534325093 7.62429606448859 16.734
-26.188970867486205 9.166626017540693 16.734
-25.916248805238865 10.557983529753983 16.74
-21.828684847569093 10.67199777904898 16.713
-24.205277232802473 10.98750037048012 16.691
-19.183058272581547 10.408422987908125 16.73
-16.489174987538718 10.152903999201953 16.719
-13.75505071587395 9.859344084747136 16.713
-11.180626575369388 9.585203838534653 16.714
-8.508403134066612 9.287018198519945 16.71
-3.303381637262646 8.69721653033048 16.74
-0.7291108466451988 8.41691108327359 16.74
1.9297766121453606 8.134494620375335 16.745
-6.007083533331752 9.017791079357266 16.719
4.499242888414301 7.845051662065089 16.761
6.991030592820607 7.560634859837592 16.765
11.914838272496127 6.98094978928566 16.772
14.497564892633818 6.672660850919783 16.768
17.171461093239486 6.349751720204949 16.77
19.647318047471344 6.068823516368866 16.771
22.082318268017843 5.801261665299535 16.771
27.126247782376595 5.450073881074786 16.781
24.65635970060248 5.51171201094985 16.774
9.4825105148484 7.2638808051124215 16.761
28.650194633868523 6.087976991198957 16.773
28.721380060596857 7.289918695576489 16.771
27.64053252938902 8.085419573821127 16.725
23.30700685363263 8.752215407788754 16.717
25.89772615581751 8.397434339858592 16.701
20.546900815912522 9.105051851831377 16.72
18.28617051342735 9.386783801950514 16.748
15.71603420120664 9.741054029203951 16.761
13.094815764168743 10.065735532902181 16.775
10.537400659755804 10.37956624943763 16.771
8.002701082499698 10.686658054590225 16.757
5.200045724923257 10.98500636126846 16.753
2.8700155413825996 11.240694877691567 16.744
-2.337522217188962 11.821295470930636 16.73
-4.813299676869065 12.10531607735902 16.716
-7.303568490315229 12.358834703452885 16.685
-15.058084681630135 13.212898664176464 16.705
-9.932801037211902 12.63742810394615 16.682
-12.442882015311625 12.922307689674199 16.695
-17.61261799215572 13.458765776827931 16.713
-20.138630034052767 13.747132283635437 16.723
-22.525678111589514 14.01042557042092 16.735
-24.927510383538902 14.598166848532856 16.777
-26.216931536386255 15.655059137381613 16.742
-25.803574952064082 16.9966090740636 16.777
-21.803457080502994 17.091200871393085 16.737
-24.022634091496002 17.38734171167016 16.716
-18.91405538894469 16.784503255970776 16.736
-16.11985762376571 16.514134359546006 16.717
-8.290107456152327 15.648931737989187 16.729
-10.83212741126772 15.937694483436644 16.714
-5.426916187861934 15.392277308739722 16.746
-2.923080826352816 15.132247754372656 16.755
-0.36695388017687947 14.858568094670773 16.753
2.218595363316126 14.571809187531471 16.752
4.902328814379871 14.276427760720253 16.757
9.994286742294207 13.649333819746971 16.786
12.433627033024095 13.372400755994022 16.826
7.321009418810718 13.996922078542411 16.774
14.991195046459325 13.064739770255983 16.844
17.46383885614341 12.746853363700211 16.806
22.53118113684468 12.141988192684948 16.774
19.923377098341007 12.453986573033035 16.777
25.28229225357063 11.795549856498837 16.773
27.57058681221679 11.701406124979258 16.774
29.23111002263613 12.21861558035016 16.789
29.60887570475461 13.326485671103 16.79
28.75324828014709 14.252170087769628 16.76
26.904728167457506 14.637811335735023 16.723
24.373702290351503 15.000361813232303 16.738
21.96280621981714 15.3167048022151 16.741
16.776722396491095 16.02330060582608 16.779
14.194461098581087 16.350096023641527 16.76
19.39632209134288 15.633845161646605 16.797
11.759179370943457 16.697915753349662 16.767
9.185142356727738 16.987470294348896 16.772
6.587004431290552 17.2282440001145 16.782
3.980565772508271 17.503176891244948 16.779
1.4316854459466413 17.79210642632097 16.773
-1.19929321447853 18.09234543237835 16.749
-3.7220931029878557 18.417663394473493 16.725
-6.279042764683254 18.750007590278983 16.733
-8.693378548370674 19.02015026565641 16.724
-11.322993518551812 19.283321587368846 16.733
-13.947649509296753 19.561802411451936 16.743
-16.498276654980145 19.872387361712754 16.744
-19.049904589075595 20.142874279990792 16.72
-21.532385519123636 20.43324124533683 16.723
-23.92154114553705 20.79535440914333 16.732
-25.950432237470523 21.74724787659943 16.757
-22.977996038738638 23.666898449882865 16.758
-20.42287358752219 23.35311237629503 16.768
-17.802100036584307 23.10250406898558 16.745
-15.15853406500537 22.84824135247618 16.735
-26.13779115973739 23.042064536362886 16.78
-25.011205906281248 23.804074523970485 16.773
-12.710434777836781 22.555648371577263 16.715
-10.178565913927741 22.22701423522085 16.71
-7.611469027586281 21.934539202600718 16.716
-5.009760087355971 21.653547023423016 16.724
-2.268317381385714 21.37832744140178 16.718
0.15166941058123484 21.151256307959557 16.722
2.782492966391146 20.84484870452434 16.735
5.327568209264427 20.586879146285355 16.737
10.2388767543016 20.056887658312917 16.755
7.790545111405663 20.340218949131668 16.745
15.39846033952199 19.480579394847155 16.767
17.980258618714288 19.135277170687914 16.747
20.37529871345032 18.825501357205212 16.775
23.13747930433601 18.555947192944586 16.733
30.325940604438074 19.77780465595424 16.751
25.936459453543648 18.20214142370969 16.762
28.191426301491447 18.056359737180173 16.742
29.48411249218043 20.70623112283647 16.741
30.00152208720101 18.6068741036579 16.779
12.937846925691701 19.730264357291162 16.753
27.659287734597456 21.0326382573694 16.713
25.093575356760994 21.380621942691505 16.745
22.660428035538644 21.722211775369942 16.747
20.121851276780944 22.057174273766577 16.731
17.505134254693985 22.378655578941107 16.758
15.107192671857774 22.663813206367195 16.758
12.38078045414295 22.991120629012585 16.762
9.937177626066841 23.28050611447543 16.782
7.3538414078066126 23.564120644703507 16.766
2.143871797597967 24.138606183230877 16.773
4.836441313615069 23.83065815269947 16.768
-0.3351121615851298 24.385667982511222 16.74
-2.955192580469884 24.664030568674207 16.734
-5.560319416108541 24.99140422232449 16.767
-7.9585675614653155 25.264231665059924 16.763
-10.62392408552114 25.562246032059193 16.727
-13.15969553985633 25.826162193901837 16.702
-15.606353691604454 26.0847683865577 16.661
-18.155461443180684 26.36445156764239 16.706
-20.730495221563615 26.61391829047352 16.703
-23.103432307310868 26.89229206368327 16.706
-24.74144181108568 27.093677730299532 16.713
-26.08939654403366 27.272390723228455 16.754
-26.61726853053551 27.39359428267926 16.676
-26.695285843801685 27.568383533507586 16.672
-26.782935965573415 27.632300755940378 16.705
-26.748809169628657 27.532682165503502 16.66
11.015199208108243 23.10545070283115 16.837
11.341020731488243 23.140529226511717 16.775
12.631980172591284 23.062012646347284 16.797
15.373884528293274 22.80530719459057 16.752
18.137173163006082 22.396832733415067 16.763
20.897350824205205 22.047079706564546 16.769
23.27889935404528 21.74690090958029 16.762
25.94145470089279 21.519958016462624 16.753
28.422342142788693 21.25742583256215 16.743
31.08579910953995 20.974906188435853 16.746
33.61638346838299 20.686444013379514 16.767
36.28647062089294 20.394501542672515 16.785
38.899538671947084 20.110155877657235 16.781
41.30472729506437 19.840257935225964 16.757
43.866405650624074 19.51398611906916 16.747
48.95463444653433 18.92096453998238 16.744
51.545350724074524 18.566192887723446 16.72
46.32648086757399 19.242720315232873 16.743
54.07341857184656 18.268541619181633 16.719
56.58670950634405 18.020643279887736 16.727
58.98596196784638 17.787937075830996 16.738
61.642483107279986 17.502515787258744 16.746
64.09202637302224 17.175962870940566 16.746
66.53587481443537 16.621155167929828 16.735
67.86993671546225 15.702057435177267 16.718
67.54340285714716 14.262656595557928 16.706
66.06562885339372 13.824212929233909 16.741
64.10240899218479 14.015172840096056 16.709
61.19021206058096 14.325491179712117 16.723
58.5973389421124 14.59389219339937 16.71
56.1298623032053 14.843733055517077 16.727
53.636921702418476 15.081864344887435 16.743
51.15847246494377 15.350499500520527 16.739
48.64818237849977 15.718696663156152 16.773
46.10770061041694 16.06912937387824 16.732
43.57534400100121 16.286642640829086 16.76
41.059556994820014 16.61794225126505 16.766
38.46462907874957 16.89566144812852 16.755
35.89012973709032 17.166698921471834 16.725
33.478387401555665 17.449108053930104 16.74
30.902140253281686 17.74179619550705 16.742
28.19903448934201 17.994440731592476 16.72
25.6779818686191 18.29809923004359 16.746
23.20922087371582 18.588107814081013 16.729
20.792289606994018 18.84595920983702 16.738
18.199803805327974 19.12979796808213 16.754
15.552146470698062 19.495262526907027 16.739
13.070289700408466 19.535598524846137 16.767
11.640724035038147 18.92003496363759 16.754
11.63123755925335 17.5313659356907 16.747
12.822678747761529 16.674459530971944 16.729
14.787622765405104 16.369243188761175 16.742
17.411356737313326 16.053758778609335 16.708
20.04858153394889 15.728679307736456 16.71
22.55897009425098 15.456149528734386 16.722
25.00861239421647 15.225260586477816 16.736
27.639592724153772 14.925031499937177 16.76
30.108201168244705 14.628855452872813 16.795
32.79185820935527 14.330400220118463 16.812
35.332802054006606 13.998469890095294 16.821
37.89540607528761 13.709210376255214 16.832
40.37768199888524 13.502204175107181 16.812
42.93920873105526 13.169763017445803 16.793
45.48192355874926 12.908780724741518 16.776
48.03514957043808 12.610499604605138 16.748
50.627616345183924 12.23407886736095 16.76
53.25287003372796 11.887705570086837 16.738
55.75221078237519 11.630895775742829 16.745
58.26946230023168 11.358207705430686 16.752
60.791210866183974 11.08232188783586 16.759
63.324856002407614 10.824658900499344 16.781
65.78327479958534 10.303438535891473 16.774
67.16718862077687 9.36457819212228 16.78
66.92331366508733 8.02805454004556 16.756
65.58059939922532 7.499820400960743 16.778
63.601963029941544 7.623262965120375 16.762
60.7643305772217 7.987277126871049 16.808
58.29425677319523 8.224836066365242 16.773
55.82228097633924 8.477875626645982 16.774
53.40123353886884 8.754336956888437 16.773
50.72245562763419 9.0650082109496 16.765
48.26558726275107 9.373229715041816 16.733
45.469120752764866 9.736222951672971 16.731
43.110953509341925 9.964821983128786 16.761
40.60696154285688 10.218665886670351 16.751
37.93823365622666 10.47353508323431 16.748
35.456880355253816 10.717556548304856 16.744
32.6938720238395 11.045768992975354 16.747
30.249209216271993 11.384556878358126 16.736
27.712046286906116 11.59293637983501 16.739
25.114906797767617 11.873802093788981 16.743
22.617645084043033 12.213905336335301 16.715
20.06724528945051 12.53373043332249 16.756
17.460211268160492 12.876575100235641 16.738
15.078505869139917 13.170586717315018 16.722
12.679316152120009 13.039104423485696 16.77
11.478573684231378 12.33140910975635 16.768
11.625237077707425 11.056128294207156 16.744
13.022371900035068 10.28050911333412 16.739
15.33729532349389 9.969644808210433 16.728
17.875491471379064 9.619258022867143 16.723
20.353249307256192 9.322850282303989 16.727
22.87857101392001 9.00673766899854 16.717
25.52746422291966 8.690628591924906 16.728
28.179568264517002 8.411477885209024 16.732
30.609301186457742 8.11627230513841 16.734
33.074031021096744 7.8479723474010825 16.727
35.65531758929137 7.573678197339177 16.737
38.293601462384686 7.199196083471179 16.745
40.72944831929635 6.9655706230551 16.752
43.58401276008226 6.6381632862612605 16.752
46.09417414967902 6.356388469226658 16.752
48.4868005894823 6.133103581145406 16.767
51.08409661683254 5.858415707945824 16.764
53.66302036563866 5.581100771203637 16.768
56.20771723310463 5.307727265171707 16.756
58.78183653228916 5.02127474732697 16.767
61.5019349133363 4.715748617425561 16.775
63.87395783927059 4.400389435701072 16.775
65.91411240433808 3.6241699112579226 16.761
66.56341640790924 2.4999320674687624 16.773
65.73885747918393 1.3692568065598607 16.769
64.17364897986408 1.2786779617890716 16.777
61.71385299623944 1.4696822818368673 16.774
59.184932269970886 1.7334006987512112 16.77
56.632757525658235 1.9822679804638028 16.752
54.17306081857532 2.2689526388421655 16.738
51.50846378726419 2.597788349725306 16.789
49.054704608919565 2.84728919621557 16.759
46.48996334511321 3.1427706256508827 16.75
43.87788935989374 3.4672122187912464 16.724
41.44334972649813 3.75327365193516 16.666
36.34092671284452 4.328135566785932 16.744
33.722355225123465 4.575581720098853 16.706
38.853144808788784 4.037047494202852 16.698
31.003620640723966 4.844047179445624 16.739
28.587046987144276 5.02472526114434 16.716
26.072003699024208 5.294282362796366 16.759
23.324540109548252 5.603591730818152 16.733
20.99435383256059 5.853105065412819 16.733
18.478024798911065 6.16282095760107 16.722
15.872120635467581 6.459341027773917 16.728
13.257562688319013 6.592495827935636 16.757
11.671350840828381 6.027138511650264 16.762
11.528706083772704 4.71278137806803 16.739
12.712672900524922 3.831369980238378 16.747
14.724337483756244 3.4725180128589272 16.756
17.233113770373166 3.1352112013846636 16.71
19.975180011009797 2.8846768671646714 16.732
22.562867107684724 2.591699492186308 16.73
25.145595612353645 2.2834145491942763 16.741
27.58768899831921 2.0249370485544205 16.76
30.13207877264358 1.7392159271985292 16.767
32.73798501782585 1.4427012372761965 16.761
35.26163875340717 1.151326552964747 16.761
37.7488556370954 0.8670349512249231 16.758
40.327319157077 0.5712079294025898 16.756
42.82155110000167 0.2929160110652447 16.754
45.47990373312496 -0.01107550598680973 16.772
47.976192020170856 -0.29867624770849943 16.78
50.53589891910087 -0.6125501757487655 16.786
53.08676611806732 -0.9138567671179771 16.787
55.62948627374135 -1.1748352041468024 16.783
58.12371915054973 -1.4531216314062476 16.787
60.69395977864042 -1.7116984212771058 16.771
63.31181950762402 -2.07948833424598 16.753
65.26910756109282 -2.875245574861765 16.732
65.82015085651074 -3.9939453722909093 16.74
64.90542197821196 -5.069901074282825 16.727
63.12624048098223 -5.115017168223858 16.728
60.58426645724103 -4.915789283812046 16.741
58.053826118120924 -4.6211681086570024 16.76
55.52238541300176 -4.366644978523254 16.767
52.879500684910454 -4.084648531861603 16.772
50.370335941319354 -3.7627773098647594 16.784
47.96637044136878 -3.443530172109604 16.773
45.349643096211366 -3.1220596143975854 16.775
42.95611202850705 -2.8431950360536575 16.768
40.28457554732449 -2.5172684332355857 16.78
37.57773458852898 -2.2305837413296103 16.726
35.13075776619371 -1.9843337889760733 16.75
32.548543969052844 -1.7470539845526218 16.707
30.027307804557495 -1.5421594958752394 16.718
27.46485227404628 -1.2467281920835376 16.713
24.881144081940874 -0.8859499637037516 16.742
22.278579346777406 -0.6388990879058838 16.732
19.971183367306367 -0.3930407455191016 16.793
17.292248744342942 -0.08852583356201649 16.757
14.52199085301254 0.22444222401827574 16.76
12.456843222258613 0.0907958596944809 16.774
11.39223698101705 -0.6635075965896249 16.757
11.69097078149207 -1.988880573771894 16.75
13.274065546109341 -2.6487688617780805 16.749
15.559263122268021 -2.958890968002379 16.754
18.093429001397453 -3.2875716229900718 16.724
20.644450396182947 -3.582720979116857 16.734
23.102092449495103 -3.860106716863811 16.73
25.696488983230665 -4.1594231417402625 16.726
28.24576276045991 -4.4329208843410015 16.737
30.78984701546142 -4.730979835614562 16.738
33.31103979598265 -5.121060302481055 16.766
35.9122208658373 -5.423628658056259 16.764
41.0290875522187 -5.878479108214378 16.729
43.79752336186357 -6.1728722816333175 16.788
38.29578044859227 -5.643604104407132 16.754
48.664531740651 -6.828274902887642 16.752
46.29533108678879 -6.491375979036093 16.785
51.33000097266631 -7.030588558875024 16.788
53.76631478697527 -7.245702102780342 16.776
56.374511857982725 -7.542264919728041 16.762
58.94619506003801 -7.834829240106046 16.762
61.64859677478671 -8.207815513946116 16.755
63.87915319832973 -8.781993520446122 16.739
65.11722359934356 -9.788203693926334 16.74
64.7431463013636 -11.115305807441473 16.761
63.31035790487658 -11.493142456747591 16.742
61.22417497378774 -11.277508965693414 16.697
58.689136493136175 -11.075367105193436 16.747
56.10714989172993 -10.828842514194548 16.739
53.47913879342377 -10.500920708291233 16.701
48.53342600225005 -9.973188892938197 16.716
51.03781020385213 -10.211607050150633 16.678
45.96608520462178 -9.689988493919373 16.709
43.37076252326369 -9.427694101817906 16.747
40.78718255471904 -9.153345935046673 16.741
38.23204662126955 -8.839582661166787 16.766
35.56035400694236 -8.519823390059173 16.787
33.009176521445625 -8.230848618783057 16.755
30.47521704970859 -7.985512979328632 16.773
28.132975595304742 -7.760393101722002 16.752
25.365617149858736 -7.422810230404139 16.749
22.770449621544685 -7.154339078813791 16.726
20.314246573136188 -6.910940224304795 16.714
17.9174270426156 -6.6721089873462915 16.712
15.420004893152509 -6.338172445073724 16.716
12.822890839597676 -6.239404127933085 16.733
11.334244612779003 -6.83806109149009 16.727
11.421932732278947 -8.000757495872676 16.737
12.691442319308408 -8.84726623352617 16.737
14.709509518113919 -9.224796532653272 16.75
19.902703861007467 -9.922310904599726 16.718
17.493701278348453 -9.621446391567588 16.726
22.549625198240392 -10.226025672629476 16.722
25.121847505273763 -10.497010683640838 16.72
27.815277711604722 -10.771019537001848 16.722
30.160862454562448 -11.045606203377247 16.736
32.809301652247086 -11.380219492129982 16.74
35.34133808029583 -11.702667640522122 16.736
37.89411108684726 -12.019459411501884 16.744
40.57397441775538 -12.286951840855181 16.736
42.987343588029034 -12.50458295084536 16.748
45.41502813831903 -12.790472474880517 16.759
48.19916749926051 -13.097601419314742 16.756
50.79235862614587 -13.353667837567627 16.761
53.26555153669324 -13.649949504993856 16.749
55.69834933639504 -13.91435781121254 16.749
58.27704962703865 -14.200924421660602 16.745
60.971229577902704 -14.536668207496405 16.753
63.394869572948664 -15.16813356615603 16.748
64.46722583647352 -16.12082586903125 16.715
64.07531440700404 -17.428964258171618 16.74
62.7565420253668 -17.91458508372307 16.712
60.71327031747205 -17.721627390943468 16.696
58.0363071851898 -17.429523536004126 16.77
55.60708146751858 -17.20532917417586 16.743
53.00283894781023 -16.933556591160595 16.757
50.473988644604106 -16.66675068810582 16.743
47.950789902883116 -16.356874492019415 16.743
45.34952749457443 -16.05739528965205 16.738
42.78364692768082 -15.715587608516216 16.747
40.3280563079752 -15.447519607841969 16.735
37.626246020547114 -15.142442010343075 16.722
35.01645231782459 -14.818054378964007 16.779
32.594319550320506 -14.584769574925303 16.704
29.966978110314813 -14.321671274490654 16.714
27.424330563808326 -14.057599095627666 16.706
24.946926730452105 -13.838364589959383 16.702
19.838993850629777 -13.300391285680234 16.728
18.748300071572885 -13.174404616467655 16.747
17.20342911995249 -13.00004543736577 16.746
14.786871880642138 -12.726769616827369 16.726
12.440811811073218 -12.837973082438111 16.759
11.244077534181997 -13.659967517480254 16.753
11.661293603479862 -14.914222518913448 16.731
13.335429631988518 -15.502307827584445 16.725
15.779947469360195 -15.847270424477756 16.719
18.354898094548844 -16.192400875501335 16.718
20.964614904718474 -16.519879263825715 16.736
23.459468418033794 -16.773501630872488 16.731
26.099993482232094 -17.058536536060274 16.746
28.69447199034039 -17.354767159558833 16.752
31.305421096738428 -17.632889091968536 16.754
33.82908173504984 -17.92426408175379 16.752
36.39406141726067 -18.21049631945789 16.759
39.116301400063094 -18.52225703932345 16.767
41.59902849874925 -18.80334838014096 16.766
44.15059489442501 -19.076897211372852 16.76
46.626307536440436 -19.36398462858051 16.76
49.12093159533106 -19.626851396635175 16.772
51.60854103957536 -19.89571514725685 16.748
54.097590963414405 -20.19856496527791 16.749
56.860073528951034 -20.548360294662416 16.734
59.463316972600296 -20.860230359248817 16.739
61.87176386162173 -21.275265130214393 16.736
63.47242641466437 -22.148545338772237 16.722
63.60414742323337 -23.472834907472134 16.71
62.44639476906741 -24.20013030897826 16.723
60.57523571909405 -24.079368983395398 16.704
58.03006623056717 -23.824504614807665 16.757
55.55761725833872 -23.589972525835037 16.733
53.04431129805744 -23.34207427687943 16.734
47.88217648502905 -22.7749913809821 16.747
50.390215583960526 -23.050538185983896 16.739
45.201099594007246 -22.46426131669432 16.755
42.67294014303479 -22.16969182342291 16.735
40.254246199678164 -21.890198789536953 16.732
37.65488397568697 -21.606196524575353 16.729
34.97319199383492 -21.320138801820576 16.776
32.44297716394067 -21.016254911199212 16.755
29.85307109018322 -20.720139866694808 16.718
27.345495091052726 -20.42607843503356 16.698
24.83966735692229 -20.153664921410382 16.699
22.338259696029127 -19.88753372244537 16.715
19.683627084014006 -19.617577659897506 16.722
17.120241345954128 -19.359157188795507 16.719
14.753686681564432 -19.099475220777094 16.731
12.362039620580617 -19.203368132933974 16.752
11.197090543981176 -20.03541526570916 16.731
11.581135139334947 -21.335139207541943 16.749
13.331258199061267 -21.9961093980819 16.733
15.728676303348038 -22.302858912386 16.728
18.05101036769338 -22.592301458120346 16.724
20.7275897677755 -22.899843274615705 16.735
23.148416641750373 -23.18556921556592 16.727
25.77452969236765 -23.49802255257964 16.731
28.4099446447799 -23.804534113034606 16.734
30.846549680863973 -24.099910476244986 16.731
33.51231102552265 -24.382485730573535 16.746
36.16733056015801 -24.63701379764825 16.739
38.56788377079647 -24.90988260693848 16.73
41.20702677441295 -25.2504333416 16.751
43.68343427195214 -25.50976091530174 16.764
46.23926918680081 -25.795761182904243 16.769
48.890540155931376 -26.10883350484073 16.769
51.35497462062631 -26.389464772306383 16.765
53.90081563795684 -26.70916385948658 16.768
56.47723369911546 -26.995673927478492 16.768
59.08474559203023 -27.31999632436782 16.755
61.313350837212056 -27.789186622947454 16.725
62.76528654748108 -28.661842547357082 16.71
62.70121021103114 -30.129396794363856 16.719
61.29789539950434 -30.609821655787528 16.741
59.3791705595213 -30.469354577362537 16.691
56.73856277076993 -30.18741696048528 16.764
54.14796006906545 -29.91907186433673 16.721
51.68946154927835 -29.67562723811716 16.715
49.18370697752107 -29.40013803821057 16.725
46.53456775355153 -29.093292001634836 16.72
44.0417106122477 -28.759480093605816 16.723
41.461410991614684 -28.445090499706566 16.726
38.781772327492945 -28.16834499500692 16.724
36.48885830841027 -27.891989446245134 16.722
33.98287375899963 -27.62574837077409 16.729
31.175936419982463 -27.314958692528307 16.734
28.600288515677676 -26.997593926265836 16.75
26.25264239864191 -26.713696219027042 16.734
23.535050366190262 -26.398960187099874 16.71
21.056740855099633 -26.124145720154047 16.731
18.512264080927707 -25.8415061365813 16.729
15.739247058518231 -25.546989019028842 16.722
13.80659374059178 -25.322827385738492 16.75
12.16682325815782 -25.09980194363743 16.74
11.152443646336906 -24.941767775453627 16.748
10.832864870957565 -25.001693869009614 16.68
10.639276383735705 -25.148098732344806 16.71
10.650865068426356 -25.14221504610032 16.689
25.134229439194314 -15.410958939231932 16.831
25.218361997627653 -15.5241709779948 16.775
25.101799753610976 -16.802141649648547 16.864
24.736603660159744 -19.51528278645128 16.871
24.45039504673332 -22.181011795066297 16.848
24.14629800815601 -24.738268384709954 16.867
23.86818158387905 -27.35481600742787 16.845
23.56018078897614 -29.976790741086006 16.818
23.25433520920342 -32.51239845901728 16.841
22.924497574509587 -35.27580521814525 16.846
22.67535366897937 -37.55665204580873 16.872
22.43721475545317 -40.038393191061914 16.915
22.079570781905204 -42.723944558762014 16.888
21.824191333609633 -45.254638735204935 16.849
21.537872150889598 -47.741350372321904 16.885
21.20571443834342 -50.322598207741976 16.829
20.94552977778949 -52.86243180092424 16.834
20.65825424727518 -55.20405607204884 16.832
20.30130208155606 -57.86184651218355 16.837
19.925383672176395 -60.45434802118689 16.858
19.52915818092879 -62.85189595352858 16.837
18.709056180086918 -64.72034076415002 16.787
17.47976104740519 -64.92114623636007 16.774
16.64369694306515 -63.76137842517346 16.768
16.76768604409881 -61.727411318570375 16.751
17.031313947285526 -59.14136689901352 16.772
17.242813357966952 -56.81019743345678 16.769
17.521878738771193 -54.0640425067395 16.788
17.770870528533123 -51.78936492279172 16.787
18.07704873010516 -49.148826147429645 16.788
18.35666227323236 -46.655774323269725 16.771
18.61379108694382 -44.146729064174 16.766
18.877649102068972 -41.55143094062805 16.76
19.170368127990514 -39.083397805690765 16.755
19.466419535689056 -36.39013647194952 16.753
19.73469710617792 -33.80112152546644 16.76
20.31239446188556 -28.716712062247097 16.756
20.55310650973115 -26.315283014439046 16.756
20.023765578574967 -31.295959766954184 16.749
20.839470615552273 -23.64338506013155 16.756
21.11185957689304 -21.072991400957108 16.74
21.373945971543435 -18.548637471161783 16.757
21.226448683068156 -16.298015870153904 16.775
20.49289541260805 -15.248832420445979 16.764
19.10640341968974 -15.513616692274809 16.769
18.579553900577594 -16.81838539801538 16.774
18.264648760843556 -18.983392094261944 16.775
17.96923538437113 -21.55938400235027 16.755
17.61451530328486 -24.12772288080305 16.762
17.334802308818325 -26.71645242255181 16.735
17.038233787112404 -29.338712316937745 16.744
16.803743039781693 -31.857581932097673 16.759
16.541654877597466 -34.38193570356816 16.765
16.268956182175316 -36.964667341671884 16.759
15.984306222759187 -39.47611219249666 16.763
15.703890058444813 -41.81790756620467 16.786
15.385121596744284 -44.50442894175649 16.77
15.084571598097682 -47.19449143856764 16.797
14.788585783098824 -49.60997317079455 16.811
14.482274837093428 -52.164087764918804 16.806
14.170126107754186 -54.58533900696784 16.826
13.879977502860129 -57.13368402887136 16.825
13.579327313229442 -59.91942412313074 16.825
13.173874841304496 -62.31982799619436 16.814
12.261513572651893 -63.942139527760446 16.796
11.011042370693758 -64.07451331987977 16.774
10.239091155177448 -62.91325831506401 16.763
10.308073181891814 -61.066192246973515 16.757
10.587349761859514 -58.4033770672977 16.768
10.907515398226678 -55.93602915201336 16.762
11.1623374997871 -53.51952018029988 16.756
11.435599632095546 -50.82260383479297 16.755
11.730585860961583 -48.44722117763013 16.762
12.026694723463152 -45.843468710780144 16.769
12.294997649732977 -43.16186084412038 16.766
12.554008146515116 -40.760888637043536 16.753
12.864168728410732 -38.05254729092121 16.737
13.145015720743686 -35.5101430201903 16.727
13.4203104331973 -32.91513040009886 16.724
13.672921501740348 -30.495479693636298 16.721
13.974889487144537 -27.931997314095497 16.725
14.28541175101418 -25.30082635767758 16.723
14.54976509406697 -22.86912284605205 16.723
14.822079389588907 -20.301813897676766 16.721
15.067851542087737 -17.789398747496307 16.72
14.9102847664617 -15.57556307502091 16.753
12.78026829654118 -14.732270394451916 16.79
14.183538845158182 -14.437041546218097 16.756
11.97320891986601 -18.462173516862094 16.76
12.16921763512073 -16.20160591136664 16.716
11.342158745916095 -23.48352196533233 16.751
11.046402926091105 -25.889750024303794 16.751
10.73447118815966 -28.669035664759576 16.76
10.394547722418793 -31.194533200003207 16.772
10.08406900393311 -33.640517715364695 16.773
9.813940250780433 -36.30356125626713 16.782
9.50282282603439 -38.86681517306715 16.788
9.210485292598605 -41.31942532863468 16.795
8.888449151418172 -43.953395223245025 16.827
8.61764956166735 -46.5516063766554 16.825
8.366322770132683 -49.011412953957915 16.845
8.105386161361821 -51.489498420618474 16.807
7.9032943455385976 -53.99374417774379 16.812
7.579916919465177 -56.498049343936145 16.807
7.239330772543326 -59.23340927436948 16.783
6.7988789402879775 -61.66071749757975 16.763
5.9630091432482 -63.1522197118029 16.757
4.676870420109481 -63.246664692647755 16.762
3.924402526812628 -62.221699309535325 16.728
3.8956086567486636 -60.25799396447837 16.74
4.160989382304251 -57.69359871186316 16.74
4.50232396251522 -55.01998668350279 16.733
4.8131899173604324 -52.558579730801284 16.757
5.129091536393389 -50.07877970393747 16.759
5.406730713555589 -47.57333304267377 16.765
5.626140817650594 -45.01704975217581 16.753
6.15908798557939 -39.98399382457137 16.761
5.910092516394798 -42.25867113377899 16.76
6.450316991540603 -37.392465497367084 16.745
6.73216711828718 -34.80996244866401 16.759
7.546424153202679 -27.215995064005256 16.735
7.282530228490941 -29.62919115833938 16.749
7.853792476118542 -24.711290284991264 16.743
8.36648570979014 -19.572789134457707 16.731
8.11595146660693 -21.90915726404637 16.73
8.672612647525966 -16.84274196345359 16.726
8.465790436603129 -14.67706002201885 16.735
7.733217393280938 -13.680369358509779 16.734
6.485997465671971 -13.957886504940689 16.786
5.860838938737288 -15.442301718518138 16.715
5.4990906154271215 -17.741943039000034 16.74
4.8746656645671465 -22.772715891711414 16.719
5.158957133884542 -20.184100857935846 16.71
4.591451863874681 -25.318147409707308 16.765
4.319849257473834 -27.765102084726095 16.771
4.014051053440198 -30.39021779038012 16.753
3.7141897070687264 -33.052519146353006 16.767
2.821787138003856 -40.65996814053506 16.764
3.1258152469526976 -38.105796821415424 16.776
2.48520268232096 -43.234932080842555 16.75
2.3199536551255733 -45.63824427407235 16.769
2.0805530269281007 -48.26193064264953 16.765
1.7263110736384988 -50.719168461859226 16.769
1.4410398143809289 -53.25528912898153 16.761
1.2120954120764509 -55.82676666788757 16.793
0.8928365869796835 -58.62438787613064 16.788
0.38346594641916454 -61.06232151016593 16.766
-0.6102594822878018 -62.46037584077567 16.759
-1.9403755868552253 -62.20803876314312 16.763
-2.4737655591452494 -60.93236470781267 16.711
-2.291233907220885 -58.93689630087465 16.718
-2.020815080613829 -56.354108159430325 16.737
-1.7174324956722558 -53.642511556856334 16.748
-1.491697825898882 -51.10799142252654 16.755
-1.231043074047193 -48.54965120181441 16.764
-0.944924030220136 -45.97960071172565 16.769
-0.6662275668932125 -43.52356386650354 16.762
-0.3674649226013571 -40.997039328329265 16.75
-0.0688337191240862 -38.38409069366753 16.742
0.2070591663941741 -35.85699532274157 16.737
0.5518909408710897 -33.2266810471192 16.725
0.8305324163520709 -30.68113550823182 16.713
1.090810184367001 -28.412912774831057 16.739
1.409244334208779 -25.556628216058016 16.726
1.6703370722243562 -23.07237378973514 16.721
1.9662727357354015 -20.567383797839284 16.722
2.301009276532568 -18.066448683850467 16.716
2.5267197039793245 -15.624521517194808 16.716
2.141857726383023 -13.624150732532144 16.794
0.9997241264209151 -12.808597395196557 16.791
-0.041870791057590395 -13.282605989836156 16.792
-0.5684839971363544 -14.852814685553312 16.76
-0.8580847345874645 -17.012279517948627 16.758
-1.2608286049216986 -19.85411388706416 16.782
-1.5713882255367935 -22.303182567469776 16.765
-1.8907335429103114 -24.829193383455276 16.769
-2.1287814253591932 -27.215256296098232 16.788
-2.361168839095626 -29.832944786176085 16.813
-2.9305275997612625 -35.04101970046759 16.824
-3.1994295135955326 -37.654710312373936 16.829
-3.5269768811413087 -40.05088512413204 16.823
-3.8653117000940256 -42.60419999808073 16.843
-4.13198134303093 -45.128439026884735 16.787
-4.442719089565799 -47.67626977618784 16.795
-4.719822885876056 -50.16012440249324 16.776
-5.008515551220626 -52.649862677790225 16.783
-5.294251222163439 -55.204490350559354 16.794
-5.585330831818283 -57.789849201217294 16.802
-6.078287344251294 -60.120166175067425 16.765
-7.121117925096769 -61.56020439323038 16.729
-8.354542865068652 -61.19299410935491 16.726
-8.791525982203893 -59.72219256684184 16.75
-8.646430696826428 -57.759740830399096 16.758
-8.345232706866227 -54.95240966882557 16.792
-8.076627998263575 -52.625752314925194 16.752
-7.759390176681336 -50.000922474078834 16.771
-7.239099846221507 -45.016934462822974 16.75
-7.460556568927132 -47.1966187171638 16.758
-6.979013424250297 -42.29808435216546 16.752
-6.682327247573994 -39.85484247840941 16.729
-6.408696131955367 -37.23509706184268 16.744
-6.0952316977782175 -34.76140937767923 16.707
-5.80071037315065 -32.12983952835202 16.707
-5.538097963901237 -29.676487752236426 16.731
-5.234682863461785 -27.146992964670062 16.734
-4.89599436102435 -24.39615365024656 16.729
-4.638780361041427 -21.88402440212667 16.73
-4.36685267649591 -19.057443732395768 16.742
-4.126594130590092 -16.67452247068286 16.749
-3.998812178033404 -14.122125085443258 16.743
-4.5292577247601 -12.361950201913714 16.8
-5.716858130297624 -11.992797208018601 16.805
-6.708077960996889 -12.832264199852943 16.788
-7.345896871644072 -17.11577941197902 16.768
-6.993300679023378 -14.541215354576707 16.764
-7.638778984430246 -19.58998084254563 16.753
-7.950826483196579 -22.19024864397943 16.794
-8.185041060787626 -24.78937272168696 16.8
-8.477923574915621 -27.26357410941273 16.778
-8.821680765948258 -29.85070455353707 16.777
-9.163852691883221 -32.190957949496806 16.819
-9.443598526762798 -34.87227985262871 16.793
-9.732292687753215 -37.362018019892275 16.838
-10.356620901555289 -42.57180698402226 16.819
-10.615739115979522 -45.06845626607537 16.835
-10.047090129635762 -39.980735837481916 16.808
-10.88683114486048 -47.58641186449677 16.779
-11.430732212844305 -52.78277596086264 16.763
-11.15470388426911 -50.342105036601424 16.791
-11.733610987430438 -55.290678733959794 16.781
-12.051751479215454 -57.859929700382054 16.792
-12.772744109504856 -59.97467525675893 16.759
-13.826620045292657 -60.7570214048028 16.737
-14.936688539455645 -60.03177350386977 16.762
-15.068096480274107 -58.420449029654264 16.729
-14.966668103821576 -56.09887827280909 16.78
-14.71582626271993 -53.475477744825184 16.759
-14.426559877465479 -51.146249796263874 16.72
-14.065305798721965 -48.40831987466663 16.725
-13.788714790018275 -45.85346410796046 16.731
-13.47509360453114 -43.37360762339085 16.69
-13.114917962404434 -40.6788611439988 16.724
-12.843825196032412 -38.16090559121221 16.762
-12.606936921016313 -35.54641605913639 16.71
-12.356766178214457 -32.85818308033049 16.753
-12.097932567354292 -30.28127879742533 16.739
-11.847630904871039 -27.67946987785399 16.747
-11.584993564058095 -25.13352509494871 16.739
-11.295999385067262 -22.356753868050873 16.748
-11.008314226637594 -19.63241973426193 16.737
-10.696288465813268 -17.12474518828094 16.763
-10.460270836483687 -14.63677860237658 16.721
-10.69571651390288 -12.334577154368162 16.78
-11.508845639647916 -11.264885027892888 16.745
-12.860903211752884 -11.616943337023258 16.801
-13.356557125400286 -13.138540684245527 16.738
-13.632023960584775 -15.465026726014912 16.766
-14.029560293070972 -18.18970524240285 16.781
-14.298905308940448 -20.729309651069343 16.77
-14.55211907834746 -23.08104278706014 16.814
-14.908259989344515 -25.797495173290372 16.812
-15.18521328701172 -28.275180481374264 16.815
-15.413470790255815 -30.81889690551907 16.788
-15.646949450834654 -33.20507365092635 16.799
-15.888828938128427 -35.652769844047725 16.794
-16.133295130799524 -38.38744202349335 16.783
-16.42499452282209 -40.997476872988045 16.785
-16.751283386955038 -43.526400403119624 16.793
-17.095890915137716 -46.14746038708836 16.786
-17.684665792621672 -51.21615937631577 16.799
-17.98176386934938 -53.7674167053774 16.803
-17.37480129202595 -48.520157193765044 16.794
-18.279070171760395 -56.23533447086811 16.815
-18.845313340891153 -58.659501609392464 16.791
-19.833575757220387 -59.83855128567666 16.789
-21.116565828735474 -59.53183061722666 16.787
-21.60966503608506 -58.10901066940278 16.773
-21.435174838930834 -55.97753758355975 16.776
-21.06638701830525 -53.30461155343801 16.792
-20.769541746296454 -50.855201084166765 16.769
-20.49654414289398 -48.35272553563118 16.767
-20.211966102942824 -45.56967139337212 16.759
-19.996111374697648 -43.247870427556336 16.77
-19.720704311621375 -40.557181069627404 16.762
-19.42846471798839 -37.92555456981063 16.762
-19.146066018380225 -35.321460529230535 16.756
-18.86641637404682 -32.73581660259515 16.768
-18.55778359551914 -30.089166982099414 16.752
-18.30058755679056 -27.669631266966462 16.753
-18.024280259385705 -25.03452054876834 16.762
-17.702026174170896 -22.483891096897423 16.752
-17.40341162646655 -19.96353612281382 16.749
-17.12573352898471 -17.640191824175417 16.733
-16.82519436965231 -15.04272342287004 16.733
-16.72544407506939 -12.421724216081202 16.753
-17.248170352890156 -10.902484584599733 16.778
-18.44828259717906 -10.57622747309506 16.777
-19.378064489457756 -11.429572194814682 16.768
-19.726831567415502 -13.300519065000117 16.719
-20.141025856719352 -15.867372198030353 16.764
-20.49719986540731 -18.401722592301667 16.695
-20.77731195045635 -21.00587372481823 16.737
-21.076181697077118 -23.628075359389186 16.756
-21.324515904358122 -25.96758434176445 16.759
-21.568037254502997 -28.572648831643164 16.751
-21.854494672850706 -31.247630055062473 16.77
-22.127084626699798 -33.64208976738155 16.766
-22.45483838603832 -36.22961929067969 16.794
-22.7305625238223 -38.657951780594885 16.8
-23.005793760647066 -41.249878828413785 16.785
-23.330075024743564 -43.97329913917929 16.783
-23.585579006467015 -46.32497489452362 16.804
-23.90459369053133 -49.020748525857925 16.798
-24.189412276726216 -51.538361214101315 16.802
-24.463366242242046 -53.89574929419905 16.821
-24.829175446764566 -56.54097145050764 16.804
-25.624078451364767 -58.49954801052809 16.783
-26.797270348179154 -59.01965137012303 16.788
-27.843541512149386 -58.03055852279067 16.778
-27.77267043897882 -56.29156544804573 16.769
-27.50801713427063 -53.9401181852445 16.767
-27.259411491220817 -51.13147454895079 16.761
-27.01002011098899 -48.84137543942779 16.747
-26.726794495014474 -46.29594492074102 16.745
-26.47468534426298 -43.80529386922717 16.746
-26.225094249704853 -41.323839326389134 16.74
-25.962559498788323 -38.59887771029025 16.719
-25.7027428469155 -36.074467993341386 16.749
-25.406720159575343 -33.56639436352998 16.723
-25.113500532170292 -30.98726221639663 16.717
-24.855378222768195 -28.530712245963514 16.71
-24.536671465844847 -25.84727673511952 16.715
-24.231763529067393 -23.166583211161196 16.715
-23.97186267451616 -20.91378383152187 16.714
-23.638949717744254 -18.119590420275927 16.706
-23.3789260906633 -15.678520146757364 16.701
-23.14981078414712 -13.375568917021155 16.695
-23.300050466146786 -10.868701093830168 16.699
-24.071681638713926 -9.695103724487126 16.716
-25.349610596895218 -9.919378865510225 16.751
-25.932794727792498 -11.188787347637117 16.713
-26.220555286330637 -13.274222509004176 16.717
-26.566089800733607 -15.932296637445688 16.733
-26.91825432400219 -18.580945868976414 16.745
-27.22201606957242 -20.940676319412887 16.753
-27.533993901277427 -23.53785892482847 16.781
-27.818197499553207 -26.030795282684267 16.776
-28.099521341035143 -28.59170559141785 16.795
-28.36445169209037 -31.137592836283147 16.793
-28.64123277476756 -33.51651550363749 16.789
-28.97327791020507 -36.18418563529849 16.802
-29.249181386083364 -38.711280170828104 16.804
-29.49496964534046 -41.2236941838637 16.807
-29.90015150839463 -43.70435105357319 16.804
-30.539765632129274 -45.034079750068486 16.799
-30.971113862586208 -44.5294784931466 16.765
-31.034209486329928 -42.290221344679594 16.779
-31.00722082075663 -39.834074495360255 16.786
-30.99334551935317 -37.07821384817362 16.79
-30.977599018777255 -34.15573116578162 16.757
-30.950032632914372 -32.134789291769266 16.779
-30.90033601311734 -29.41068742144853 16.784
-30.84860650484916 -26.788489405997097 16.774
-30.428517438471317 -21.693974672816694 16.74
-30.71549410163425 -24.297954238019884 16.772
-30.15271381032653 -19.262557830661535 16.731
-29.86594532302115 -16.575238674879074 16.725
-29.60777527396567 -13.933502458967268 16.714
-29.364697559387423 -11.896335267461836 16.719
-29.177961773704737 -10.191099053248763 16.718
-29.04100733262021 -9.10499820113182 16.712
-29.092097717511933 -8.859892607666552 16.689
-29.20027684303932 -8.884970192797482 16.658
-29.16656567773316 -8.817909664474428 16.642
-29.144597210804932 -8.762901830486953 16.635
-12.214010255644098 -22.46347062010318 16.795
-12.342618012684397 -22.481865636073053 16.755
-13.634563904604875 -22.350850502960384 16.782
-16.324709976208396 -22.03678390569985 16.755
-18.98566457896959 -21.74505014810711 16.732
-21.492161898408085 -21.40778766386211 16.748
-24.17696354666259 -21.062986844219267 16.752
-26.782722995616496 -20.760282076895237 16.767
-29.40410586411599 -20.44175402354449 16.772
-31.78612961899489 -20.16006489377469 16.742
-34.3485906595015 -19.86461109109223 16.764
-36.87988138903165 -19.60388553328812 16.763
-39.457811669504736 -19.286438446491957 16.763
-41.97751337714726 -19.01982742920518 16.752
-44.64548113499768 -18.734081636182964 16.764
-47.112351855728775 -18.45952833816409 16.762
-49.801748883968685 -18.207196597009897 16.785
-52.37664465990383 -17.951549630612135 16.787
-54.838941065594554 -17.677107787691057 16.81
-57.273717012954876 -17.40026572998613 16.82
-59.84920499334112 -17.07669910416007 16.805
-62.3974334843806 -16.577883986756206 16.792
-63.93517794786021 -15.659848179668188 16.793
-63.942017172579654 -14.375710487365723 16.78
-62.72352913510986 -13.782669519074261 16.78
-60.796485391736496 -13.864735404029489 16.763
-58.137128490256146 -14.12866728194058 16.77
-55.50408297992544 -14.438238096423447 16.782
-52.85746966639999 -14.754319573752582 16.77
-50.37885763053782 -15.016822284087539 16.767
-47.84055396448821 -15.271555005572736 16.761
-45.17839360900689 -15.606540447100997 16.756
-42.953708595072385 -15.865787455812097 16.733
-40.237870153039694 -16.158900678157806 16.728
-37.526605422608554 -16.451898653060198 16.721
-35.18520898069255 -16.710970375686884 16.718
-32.49948529689573 -17.018761054612696 16.721
-29.953726868145168 -17.34157540090382 16.75
-27.601588279590942 -17.628690844401717 16.755
-24.949552200501785 -17.91094597429037 16.771
-22.30139686539769 -18.165325096808374 16.762
-19.696616286877543 -18.41553402133286 16.732
-17.13811337808147 -18.686191998422146 16.706
-14.695605505490676 -18.836668234318495 16.721
-12.609569314110558 -18.41651037801057 16.759
-11.976636266626883 -17.262541623786092 16.788
-12.783674951817375 -16.22386598214507 16.794
-14.502769864047877 -15.878482246771455 16.781
-17.073607511934824 -15.55196104105562 16.789
-19.68751185730798 -15.20893155131489 16.777
-22.164276566822082 -14.872410885058343 16.799
-24.68274500442203 -14.556453490629792 16.797
-27.352382330107503 -14.245980881154537 16.831
-29.884572051581927 -13.929679063148797 16.8
-32.32651602337137 -13.665012545883656 16.821
-34.98330139252357 -13.481402616016567 16.788
-37.46085829247022 -13.268315025605261 16.818
-40.127206808538176 -12.917795636691153 16.778
-42.53957402816741 -12.660036822780967 16.825
-45.253278131305706 -12.373148830607533 16.811
-47.728139202226885 -12.052098824642599 16.816
-50.327804018277675 -11.78040180541575 16.797
-52.882191959477495 -11.528352990746498 16.801
-55.33641649503261 -11.297322798520327 16.796
-57.85709272290114 -10.978211745619774 16.783
-60.32434550230391 -10.719076371751726 16.764
-62.77025193540612 -10.154913665726781 16.71
-64.05905648798216 -9.073338120244443 16.659
-63.82725389604457 -7.946395448409021 16.678
-62.44878180156229 -7.453029285185039 16.637
-60.45878373639425 -7.579877462238073 16.68
-57.85148972424213 -7.820904243737459 16.688
-55.26264511910267 -8.06764233019203 16.718
-52.59689159528352 -8.350250677205622 16.745
-50.15533492015675 -8.63034702744335 16.756
-47.713547068997286 -8.90118891466409 16.755
-44.895492268842645 -9.22463418636471 16.756
-42.61887948925141 -9.420361994765699 16.749
-39.849211870343424 -9.665435743518174 16.742
-37.39187690947438 -9.955180875957012 16.738
-34.771938100340776 -10.23972506634891 16.728
-32.157805049500894 -10.573506663553417 16.714
-27.131150959059596 -11.158872542902827 16.708
-29.773651653376874 -10.861422184854746 16.707
-24.473488503717817 -11.49065141286701 16.721
-22.144529163022526 -11.789532331749797 16.714
-19.417180194170214 -12.079838399775326 16.707
-17.00121689873049 -12.285209199413657 16.718
-14.476096358848736 -12.51799554657191 16.718
-12.252429436543025 -12.267941864207387 16.753
-11.321031504427083 -11.349820965901017 16.767
-11.719462936918717 -9.984920755960047 16.749
-13.36753846675856 -9.45303601399064 16.755
-15.561282793642022 -9.237781083211303 16.762
-20.772893015062436 -8.728054439648986 16.765
-23.131504562101327 -8.425347265787423 16.777
-18.25365663052071 -9.013165128417313 16.762
-25.69969033228699 -8.176050369627774 16.771
-28.287919411202893 -7.904646964743733 16.765
-30.865768557181582 -7.584118384867907 16.765
-33.46625589078758 -7.253764322027564 16.762
-35.988163278321736 -6.984013708308339 16.768
-38.68577972147614 -6.694443312473595 16.754
-41.30990595812909 -6.394360740669072 16.758
-43.630793374439236 -6.138885249383748 16.752
-46.400282198155764 -5.795047708787024 16.762
-48.969752447796054 -5.505586153827608 16.763
-51.47724418423604 -5.208411675877869 16.759
-55.62542428361485 -4.7252091858536005 16.758
-56.631730356719345 -4.61057695467025 16.756
-59.13305391353788 -4.3413318349048495 16.758
-61.60210563061992 -3.9710384383797646 16.748
-63.46646430075634 -3.2115163542330265 16.768
-64.03080041869543 -1.9844472846016288 16.755
-63.24802389630349 -0.9700283268466592 16.76
-61.59493043110706 -0.9341419637203217 16.776
-58.91751404106617 -1.2077847067266703 16.77
-56.51925777515862 -1.4806293910369277 16.763
-53.91083424142562 -1.7679799078032374 16.753
-51.24050923460163 -2.0507020065560937 16.743
-48.86748583812732 -2.326000515371561 16.747
-43.687613686721306 -2.9152039885520935 16.74
-46.208980247261934 -2.623857877217233 16.75
-41.305442091135774 -3.1907282937318087 16.74
-38.71698399318848 -3.452882974408567 16.752
-35.81896539486479 -3.781407452188432 16.743
-33.29104538890533 -4.085259213112295 16.753
-30.975194356404245 -4.359124319627881 16.748
-28.17245655087754 -4.65440243575722 16.742
-25.858661159931216 -4.918955139815807 16.738
-23.113250458496623 -5.218973057344556 16.751
-20.516105527989566 -5.499856530688703 16.749
-18.20413466426544 -5.745842385105789 16.747
-15.620480079727713 -6.017127904109657 16.744
-13.048006168333814 -6.1862802663818 16.744
-11.172372053551953 -5.760870268568397 16.77
-10.57399811479263 -4.707891910336912 16.774
-11.341672653215937 -3.559086431749165 16.799
-13.162444701301865 -3.1617815541103482 16.77
-15.68144808447687 -2.867419032379985 16.765
-18.277668168535456 -2.5495228953659534 16.777
-20.76534708228428 -2.2837185692042112 16.766
-23.236709308170248 -2.005974824540317 16.76
-25.837733751744963 -1.6972152963280678 16.767
-28.405377989518456 -1.4263255754485726 16.752
-31.043378084141295 -1.1320733381435275 16.759
-33.43454292177921 -0.8501550778746605 16.767
-36.00324157124851 -0.5298528848215938 16.768
-38.62507860257756 -0.22982834465801716 16.768
-41.264363873924594 0.10458383429795504 16.728
-43.71781438682228 0.3664554264396429 16.708
-46.28728241333738 0.6559160640463233 16.713
-48.72068928909721 0.8956838063895702 16.714
-51.35228932998143 1.1712652435526252 16.752
-53.78903762623668 1.4605015311390162 16.769
-56.344013288617134 1.780468656681478 16.779
-58.99200647138059 2.041029999963939 16.787
-61.39108510984806 2.372538859024644 16.789
-63.439836615812965 3.170616061426699 16.78
-64.04194191022543 4.259737558662891 16.776
-63.37914126645774 5.326535460539162 16.794
-61.67586721939733 5.447589637711644 16.773
-59.19191853166558 5.215814733877778 16.764
-56.5902813571156 4.9317189725115895 16.774
-54.24439562181942 4.669441898353398 16.761
-51.53313930775039 4.376438229344785 16.774
-48.92014400160406 4.088975314982235 16.77
-46.56410897918977 3.866571412421763 16.777
-43.72966574924067 3.558149457909167 16.788
-38.581198809319176 2.994425260461867 16.768
-36.26314031862421 2.717416695319116 16.782
-41.28544110961957 3.2934216698631644 16.776
-33.617664965684526 2.447667450644076 16.783
-30.87965716049075 2.1262259101495147 16.773
-28.54063079354819 1.8641287833452225 16.764
-26.007830803166144 1.5725035639479756 16.756
-23.42990793689387 1.2550612101331353 16.764
-20.929432697885204 0.9518989371135831 16.769
-18.31155362003483 0.6766714965924621 16.763
-15.695191371371038 0.4323474867269397 16.768
-13.197441662254278 0.20333102717995644 16.763
-10.863335831498262 0.3858126113191247 16.786
-9.834086235845461 1.19037866871804 16.784
-10.268954014172778 2.562361246906221 16.799
-11.717008266365156 3.0398697201162577 16.813
-13.900808082311414 3.37833443377167 16.77
-16.314071121276356 3.691663084551692 16.792
-19.12641551834531 3.9686576714739203 16.791
-21.59266269649379 4.267878478392959 16.783
-23.992665616911836 4.562360053882003 16.778
-26.677072140038945 4.92258482798934 16.803
-29.059087250381708 5.204273293726146 16.795
-31.76371390814893 5.487843356095254 16.778
-34.49030887684785 5.716406651772559 16.817
-37.001623921561986 5.951942420564592 16.796
-39.656322621158324 6.218836828134954 16.781
-42.17730091616977 6.525604263879359 16.787
-44.53369682322955 6.825177209451795 16.78
-47.24585308879614 7.173756932839751 16.773
-49.86676283180714 7.510800218209624 16.804
-52.38470678019803 7.755766443908215 16.781
-54.98428708856227 8.030549961142242 16.801
-57.2512842171127 8.244560793973505 16.82
-60.089629490626976 8.488270143978298 16.8
-62.406868278980255 8.981318417936563 16.802
-63.84930227987934 9.958703979849815 16.77
-63.870763340906706 11.298763081431389 16.753
-62.7237136134645 11.87198234256357 16.741
-60.83334487990942 11.78774531930685 16.723
-58.02953598840395 11.535638514906168 16.742
-55.485821133479476 11.314718410372734 16.728
-53.096023745136335 11.069863991811872 16.743
-50.4148850813508 10.762180278077722 16.745
-48.09187052317429 10.500476184301078 16.75
-45.30293766153045 10.202449047006667 16.743
-42.645514892588835 9.861409392207861 16.756
-40.356726869242266 9.603648842312396 16.745
-37.5220548317302 9.304482946172357 16.747
-35.13500541902613 9.041184577159584 16.746
-32.64802385214716 8.747614175081253 16.747
-29.92595003626775 8.42965711094439 16.732
-27.440716061915737 8.157737417146564 16.733
-24.839079350291286 7.8736534640192986 16.728
-22.23081267590169 7.580145612359047 16.734
-19.955899110995233 7.316565237939358 16.734
-17.212626059364993 7.022775654681027 16.728
-14.594518213998526 6.756803145632148 16.752
-12.215537313371897 6.536924492567778 16.75
-10.070325175183825 6.761158754117787 16.746
-9.176675692666322 7.633925186470151 16.774
-9.524585516774096 8.914229928515851 16.777
-11.106620682869107 9.524713867343962 16.722
-13.35462947288761 9.766014602035284 16.761
-15.716830771882087 10.016339437104762 16.759
-18.398948502494022 10.37650400120765 16.748
-20.8864687908208 10.648477587848902 16.765
-23.574468967854045 10.956321214325726 16.746
-26.02599096321501 11.295300103724003 16.771
-28.69219947385136 11.559391312301159 16.777
-31.20449037873186 11.847419262863696 16.781
-33.72533599968301 12.067759606055915 16.798
-36.41706214554142 12.409652278758585 16.802
-39.02997757156845 12.700195142067969 16.773
-41.37082497915253 12.980860210955143 16.77
-44.06637765443884 13.261122221127152 16.77
-46.55466650845483 13.502259629778564 16.774
-48.92349573166575 13.762020643800497 16.748
-51.708007251727395 14.053766004741192 16.754
-54.26832231879234 14.343001345172524 16.725
-56.790529533755034 14.60042157676071 16.736
-59.39894686231855 14.887773361057043 16.748
-61.65294317435473 15.255784097127616 16.697
-63.4878509483533 16.094819087535143 16.728
-63.93897039152216 17.365358291193843 16.737
-61.40389182604849 18.26503619272262 16.686
-63.09133816388203 18.319515090435743 16.712
-58.872384269488975 18.013554924167693 16.724
-53.49179350462509 17.490320317447186 16.737
-51.1297494166065 17.233813542872667 16.738
-56.258778134477325 17.750765391625464 16.74
-48.380236207391135 16.91516400128603 16.749
-45.85301711678039 16.58354663103819 16.746
-43.38623582641594 16.305908858776093 16.749
-40.85236333066132 16.05746159143746 16.742
-38.15788975788746 15.734017284587026 16.717
-35.62005914770998 15.460781447589397 16.728
-33.22645903675584 15.184974243864417 16.731
-30.668969782651402 14.874211956746876 16.729
-28.163386751839425 14.592524508014321 16.723
-25.245693983975798 14.319069117307663 16.73
-22.68247537140269 14.054463632404804 16.727
-20.27728585904697 13.784544517286122 16.726
-17.603085285343695 13.473960110917687 16.739
-15.25964261777699 13.20558407343924 16.742
-12.557844537659548 12.900485649704933 16.741
-10.36367645196151 12.885840456932783 16.74
-8.683831020607613 13.535276449285448 16.763
-8.552055355161428 14.964103629812598 16.786
-14.118146577151492 16.306758722290397 16.769
-9.51651810738258 15.654852379113436 16.811
-16.74691552243894 16.603861954063177 16.733
-11.333119146467652 15.944026925601065 16.79
-19.091873972094618 16.90314097329974 16.787
-21.606835069716908 17.17579993326217 16.787
-24.18911798449699 17.4100164109841 16.785
-26.867813748307526 17.723802105523646 16.774
-29.402663752553053 18.024738517589867 16.794
-31.942341616144404 18.223943255841732 16.82
-34.61281321279239 18.5004891352728 16.81
-37.065333287697285 18.79937302134931 16.811
-39.76620444637956 19.14149544108659 16.807
-42.30347128328867 19.52891775779426 16.818
-44.92103477474302 19.816492562182248 16.808
-47.3627355749486 20.090418316423893 16.821
-49.984202911669854 20.313276866450906 16.806
-52.467376210261136 20.57589402142912 16.788
-55.003433328005485 20.920080373995006 16.769
-57.5113774681231 21.198750099167228 16.796
-59.97381392336683 21.467025109566748 16.767
-62.41544314468047 22.018735706806183 16.75
-63.864788530918304 23.085801322944462 16.753
-63.67793142423034 24.337324609048665 16.746
-62.238719670451246 24.789049929007888 16.745
-60.04421655414626 24.6046253554523 16.734
-57.54130963794887 24.307561666704714 16.742
-54.84925717068836 24.070592019706964 16.751
-52.304261091165245 23.809516868554056 16.742
-50.01478474459145 23.57951383292675 16.742
-47.22174537478713 23.26286435686052 16.747
-44.71251595846843 22.94404224306345 16.749
-42.177899126079865 22.633846602402627 16.749
-39.74984368344303 22.36334973666817 16.747
-37.000332233146764 22.044704617001116 16.748
-34.36424297711346 21.7659296290949 16.748
-32.15655610500835 21.559579545632005 16.737
-29.235524496878497 21.23665564134717 16.737
-26.866466457024217 20.986154843121767 16.73
-24.241503251658287 20.72000728454441 16.735
-21.730524384707678 20.379544629715383 16.729
-19.391734984121285 20.108196772634983 16.745
-16.550129020703025 19.811952541582286 16.742
-14.017258322273847 19.523416010662913 16.75
-11.660250036919024 19.248529535718262 16.742
-9.169222248136066 19.30054959282279 16.759
-7.8928018467267975 19.92301808577031 16.761
-7.886676287627779 21.268560788594186 16.762
-9.017314024385996 21.99432196095586 16.739
-11.110839827510063 22.373743219301105 16.743
-13.779154351970647 22.73664818238467 16.747
-16.168178402353078 23.012334618717432 16.746
-18.634803866734728 23.296131907962263 16.743
-21.213334651081823 23.588896452449262 16.76
-23.75252550037112 23.899198659695685 16.749
-26.228452202049084 24.17705792747438 16.802
-28.714527489151806 24.415047470480204 16.779
-31.441014915006235 24.739287509582937 16.758
-34.157276377198286 25.10648375749588 16.762
-36.56490263418527 25.370295797474682 16.76
-41.46646521281218 25.83217508532107 16.76
-46.93431483343011 26.434740776196122 16.748
-39.23919845360797 25.58520990330726 16.76
-49.533426187874284 26.72802969440818 16.785
-54.484352227300406 27.320781910791993 16.772
-52.109591094602365 27.023833139799535 16.776
-44.30264726933092 26.162245247513056 16.755
-57.02194710273761 27.603278351947665 16.752
-59.68172661593417 27.941296262666583 16.768
-62.12543300224934 28.409724354743958 16.763
-63.73838108428754 29.431491614319384 16.726
-63.56606923358049 30.742020807228982 16.719
-62.423080898821354 31.244352808222175 16.742
-60.31653767655371 31.11150762345642 16.703
-57.71557984111132 30.89224350452423 16.728
-55.002639536513016 30.66709796898067 16.717
-52.576257977983914 30.42132993787527 16.747
-49.91198238200741 30.080115977674723 16.76
-47.36166783981025 29.757180546410382 16.77
-44.86395241721766 29.435559251345694 16.776
-42.35434013506165 29.1321606002748 16.773
-37.19003761955537 28.561868109740317 16.784
-34.830899965018034 28.280747544020414 16.751
-39.76848904264625 28.85772410966456 16.776
-32.20131196978036 27.92497408296913 16.746
-29.69290773762623 27.664820600301027 16.737
-27.04279091011267 27.398043911904097 16.731
-24.562522518797778 27.11081653367728 16.735
-21.775959764956497 26.809771151281893 16.726
-19.656255534326192 26.562410820275545 16.729
-16.90042346349219 26.22201056033373 16.727
-14.307556038547773 25.953581352718174 16.751
-11.921512837521732 25.650191785767674 16.742
-9.690287587582134 25.378445582464337 16.738
-8.16760185646126 25.23241184465587 16.741
-7.240803207969293 25.14137614145875 16.731
-6.993507091538049 25.14754928648472 16.693
-22.536462272168137 49.69632465019822 16.74
-22.369832951691933 49.954514022916555 16.75
-22.17877174296882 51.28309453651309 16.761
-21.83187724556774 53.904097475111485 16.774
-21.585153099906165 56.82081452291459 16.747
-21.30052160320338 59.51436030305922 16.763
-21.032114022644237 61.649662133306265 16.796
-20.568456571432762 64.18132954277098 16.803
-19.60162386734737 65.69425086863339 16.763
-18.288080249214545 65.42071750108153 16.746
-17.703537520137616 63.903020625934005 16.815
-17.870880802045576 61.69112089835107 16.787
-18.182445916580036 59.20195362530649 16.806
-18.46109338919632 56.6564084040001 16.8
-18.732218206685502 54.32055457029492 16.813
-19.057967248372734 51.81322265136987 16.8
-19.363057175360154 49.30846149567515 16.822
-19.7026511101285 46.6132012559101 16.808
-19.936923787696287 44.103585879318416 16.801
-20.210482258116826 41.48692515492439 16.734
-20.470527283032425 38.95326148159802 16.746
-20.716519854438957 36.52418660838157 16.72
-21.031266360427253 33.81596033927053 16.751
-21.297502567991614 31.217635625973344 16.743
-21.630752744502388 28.5932056568563 16.753
-21.88466152525507 26.21371176932007 16.758
-22.149897127994336 23.655486069619656 16.753
-22.197643619787414 21.101090604439378 16.744
-21.53619580436498 18.90553958900273 16.758
-20.467528852750547 17.897369163110852 16.729
-19.672309270943515 18.4022163618356 16.763
-19.27144474524539 20.710139822214842 16.758
-18.931296565337107 23.7942799013108 16.718
-18.61772868980188 26.36364500503987 16.699
-18.390879155369475 28.759246703237295 16.759
-18.172153456253 31.28776889666915 16.745
-17.857978023355827 34.15650530625135 16.768
-17.560157157247886 36.55342188384384 16.783
-17.243171092122793 39.0764048518613 16.773
-17.027217723312788 41.49388379789889 16.807
-16.704688156140037 44.238953394815326 16.78
-16.335511325858533 46.65260756760836 16.754
-15.962846852722578 49.29765905626118 16.737
-15.648733429028653 51.61392110027373 16.751
-15.395220047968905 54.252687509171665 16.735
-15.125567345647141 56.8046302292496 16.718
-14.83715745608788 59.37462349142879 16.736
-14.595609913987573 61.7173886410892 16.76
-13.953883463225793 64.23226555716246 16.76
-12.935691870341543 65.05253907386214 16.72
-11.697730819461867 64.31792492512614 16.788
-11.392621059319936 62.606583999469876 16.781
-11.569979884428903 60.26838945783675 16.771
-11.853845846140757 57.88038372993469 16.774
-12.161519807646982 55.08864628896117 16.788
-12.472467023297213 52.624155124649405 16.779
-12.792562064598314 50.15989231970161 16.792
-13.122443848580588 47.57858841307461 16.801
-13.41032244026428 45.304881853982806 16.728
-13.691817149694543 42.64520869590342 16.771
-14.005605787213426 39.791894807480276 16.731
-14.22575513907941 37.6646476238966 16.741
-14.483688031206839 35.03216447494924 16.728
-14.763689232582692 32.24899576231837 16.751
-15.076839518733323 29.51295139361173 16.735
-15.314329635701142 27.241073577664793 16.716
-15.504895264632069 24.83222029544413 16.717
-15.792581744492054 22.107886169105768 16.743
-16.087445278593805 19.64608013816178 16.75
-16.11276734061539 17.439894766546786 16.774
-15.239188009058125 15.766833583824337 16.759
-13.870302925817668 16.059828424826264 16.76
-13.259457020438276 17.612501375377178 16.74
-12.924838551494759 19.92516514379531 16.705
-12.585985542507842 22.407478409819305 16.697
-12.2847785584745 24.940114717930555 16.696
-12.020370621583425 27.557003958150744 16.71
-11.712249047355726 29.99996041134 16.738
-11.389359339198563 32.667859675362706 16.71
-11.185258761281148 35.25230326782912 16.737
-10.934926637739409 37.67201059591025 16.739
-10.675084862392396 40.01431910973042 16.741
-10.456624158541672 42.71568968612701 16.752
-10.107062022027094 45.352058650925756 16.783
-9.814102909644134 47.8293446963653 16.782
-9.532963501114864 50.291493500582874 16.776
-9.24658864014782 52.96339077502489 16.754
-8.922314346418716 55.686811834573746 16.767
-8.68200066324789 57.98022454138845 16.765
-8.383829555357806 60.574665954336524 16.776
-7.877771991421469 62.87996415887028 16.748
-6.937683643423952 64.14663801714778 16.736
-5.5956954884459265 63.912521021440625 16.736
-5.099130581365898 62.3538109427318 16.743
-5.193736101966351 60.48886530008167 16.724
-5.475350224762224 57.640920989215374 16.763
-5.71617051307112 55.14381465502083 16.749
-5.982563249883242 52.81401536334306 16.756
-6.262252941960469 50.043184503912926 16.758
-6.545216162223369 47.599599903449416 16.78
-6.85487549303798 45.094952513463795 16.751
-7.145623658783734 42.61452476028353 16.742
-7.438627608004026 39.95205231010914 16.744
-7.685100446105935 37.411876728758216 16.752
-7.915388075343799 34.97006381396204 16.726
-8.197727709426545 32.276460628956556 16.786
-8.5295184677816 29.98533132392913 16.738
-8.882599125267006 27.299666844308376 16.727
-9.15820954425726 24.692316547967494 16.72
-9.413477109163068 22.349893861450255 16.741
-9.752274862723425 19.77807184495032 16.721
-9.896891858428717 17.284737248905003 16.726
-9.419688683294225 15.40860525611788 16.731
-8.378425454779062 14.861003036610782 16.727
-7.179976639978122 15.843447027727962 16.681
-6.808652443403844 17.701485484838486 16.689
-6.144395818701014 22.86089492496103 16.7
-5.863334401277825 25.3199592391029 16.712
-5.565834027249366 27.97923299577087 16.732
-5.374239590135403 30.246083633974195 16.757
-6.468623870052397 20.322660183534026 16.697
-5.095057680329774 32.81322091631591 16.718
-4.73928389349021 35.60684432089329 16.77
-4.486282132274937 38.04191741254181 16.758
-4.162671037600376 40.55547597631812 16.716
-3.855322343762964 42.967587363906205 16.752
-3.5697194968815893 45.60863942652941 16.752
-3.2511988304322585 48.19331362005323 16.718
-2.942618719302118 50.65477763209492 16.755
-2.648507364676334 53.17833195813 16.747
-1.753707300289534 60.60670679342002 16.774
0.32837728888262063 63.34489568229765 16.788
-2.068947986990679 58.336769367568195 16.766
-0.8472108690184541 62.91126972064376 16.771
1.2895549045060761 62.33941122144461 16.788
1.2458476911997423 60.679987848736346 16.768
0.9916477433289401 58.013460179790854 16.76
0.7604936040588655 55.44512395281345 16.754
0.5210841158404946 53.096132289618254 16.773
0.22744453081395477 50.316390122286975 16.755
0.03675304749049246 47.99396060407162 16.734
-0.23116895894054323 45.327775488607585 16.742
-0.5355820708791725 42.75818139128387 16.728
-0.9423679085448384 40.21274772658944 16.736
-1.2906948347808793 37.62573099695146 16.751
-1.5632227145833895 35.14176190178841 16.77
-1.824601276544854 32.737762429751456 16.779
-2.1451461798278615 29.980297124944627 16.765
-2.4647218071622774 27.445032597519457 16.774
-2.7153362503740937 25.10558009892702 16.752
-2.994163838913664 22.73596723470837 16.727
-3.275192847941071 20.094801052473485 16.726
-3.5083960123592988 17.26108076889068 16.7
-3.3213147005881183 15.129841865971684 16.735
-2.426474171865266 14.03341936506331 16.715
-0.5831694869557396 16.005954076536 16.732
-0.26620321860536933 18.161649473942816 16.73
0.37885198881849647 23.377094767056406 16.715
0.09321889484999701 20.918144433759153 16.702
0.6562611063709483 25.873287870548666 16.729
0.9589260114589706 28.46453079674393 16.729
1.2591498648980632 31.049661749973893 16.739
1.5010001648333855 33.40476536843926 16.741
1.8030172218568623 36.15343384351581 16.726
2.125186026096344 38.70097960345447 16.731
2.42376982641872 41.12874220032245 16.739
2.704981976770796 43.59397588670254 16.727
2.970715668576304 46.355895853601396 16.755
3.245266235433519 49.01265620905906 16.754
3.504410232184455 51.32720431033522 16.759
3.760542769683525 53.7961504701525 16.761
3.998918777098879 56.28714503720403 16.792
4.331511359894648 59.06900151073933 16.781
4.91264802654041 61.35699419584125 16.717
5.968288986478001 62.57757514901459 16.691
7.277160428813659 62.20848308689892 16.781
7.646199935814366 60.67456218227744 16.74
7.4951178065966815 58.83880427014083 16.735
7.260555970482528 56.04215514380485 16.765
6.997640925110318 53.57646466046572 16.716
6.785785157466307 51.047770648263395 16.721
6.494611627305858 48.36673345416784 16.749
6.197369747853372 45.80930603668094 16.747
5.935346457408741 43.56273182667792 16.719
5.351372790173627 38.4105772357434 16.717
5.035504332743585 35.748675210401416 16.72
4.74704720597947 33.26819003280252 16.716
4.3827137789921835 30.681572656147182 16.721
4.147811104077846 28.054687326774 16.693
3.878527438675519 25.42557366937399 16.727
3.6184594474034384 23.074011186137795 16.719
3.3573994073085487 20.407654806040227 16.653
3.16388310585171 18.06369064003229 16.709
2.9896719204843976 15.484673869796097 16.734
3.3411201430717483 13.704275414347649 16.754
4.577158606785815 13.167246060445905 16.688
5.5450106776552275 14.170879886485636 16.725
5.88680972578004 15.9463213942945 16.716
6.514226162573323 21.372086342424154 16.707
6.846157089807093 23.94408020656556 16.725
6.213981475564651 18.694362088106573 16.686
7.144585488538723 26.365673849359155 16.745
7.425687471171841 29.00992488488555 16.75
7.737058250117116 31.675025667063892 16.727
8.00388590194052 33.930739351548254 16.732
8.305569796648342 36.57447672635317 16.725
8.614970200054813 38.97727783676237 16.735
8.867396671324968 41.57286131195724 16.732
9.18683660874376 44.19455035869032 16.743
9.459306217497215 46.76802840549499 16.743
9.768289424246177 49.337508684024215 16.707
10.10160438111052 51.96502438373864 16.783
10.334820122108795 54.24935517460108 16.8
10.627101612393744 56.79147421848029 16.772
11.032881924824324 59.296809495426714 16.82
11.862321046413854 61.35638046450913 16.79
12.954293488757685 61.83221936784685 16.803
13.92523657809943 60.851184686645865 16.766
14.07840211445 58.73622506670654 16.785
13.843054683937225 56.45812032651156 16.793
13.537700519780628 53.75891814939678 16.785
13.274733287049457 51.3827361240983 16.795
13.04360624612309 48.90699280425906 16.813
12.742386211408302 46.28176246024668 16.809
12.012946676346473 41.35237659327686 16.832
12.366259123489726 43.77260059118271 16.824
11.704865388805047 38.72731753438711 16.8
11.456660655210726 35.93409538175911 16.771
11.231229737750255 33.686607808806 16.783
10.911745192774106 30.8797324039042 16.767
10.763000933104195 28.312425777316093 16.743
10.50385910924524 25.997877534478903 16.775
9.90976248960942 20.898445254191756 16.768
10.1692894869484 23.228416150435805 16.762
9.604560319683515 18.20541237015277 16.756
9.371969111845829 15.671063038520515 16.747
9.517790055484511 13.445174311287701 16.777
10.306048183643725 12.295857439748943 16.807
11.701089620881248 12.628328384831548 16.708
12.263850017334335 14.271710632368922 16.754
12.686364186229184 16.62230541370809 16.758
13.46941120934207 24.433104442432523 16.779
13.746177194116171 26.81202848441899 16.773
14.037171635660343 29.394303609617054 16.757
14.335017420933582 32.25110245589167 16.781
14.590254341601394 34.500932639464736 16.745
14.805263596819714 37.15609273221344 16.768
12.889147123496514 19.154312282800674 16.799
13.16112185275415 21.89138492755592 16.766
15.106021073763259 39.762815901078284 16.778
15.414155488018878 42.2983664534986 16.802
15.718793669191655 44.87721467576921 16.781
16.008193087764084 47.48730780929327 16.78
16.307025417336263 50.01691764127463 16.735
16.62312962359283 52.41337875369936 16.773
16.90936301846523 55.171700895763934 16.766
17.15547375153983 57.514352661557496 16.789
17.63169351615943 59.72471674531698 16.781
18.628664933610708 61.0702220313251 16.752
19.972248355974443 60.80829208344221 16.749
20.40650157292839 59.411635044030845 16.825
20.315276981098577 57.315120762214065 16.74
20.214891659037676 54.851546687074006 16.753
19.91593881417066 52.13366586808115 16.722
19.592974979430437 49.73737586569041 16.736
19.201380881248042 47.25020497199148 16.761
18.76811508089304 44.56036792136729 16.759
18.56109087431105 42.13340632151812 16.733
18.31087795784697 39.53468099050224 16.746
18.12408293026965 36.90968128014356 16.737
17.919114465243183 34.47340902965516 16.722
17.62735170905944 31.860288412310183 16.684
17.230159284896217 29.24053966999054 16.758
16.871988945873454 26.900684668682516 16.688
16.55072659626603 24.29755969531834 16.737
16.283711982308887 21.575795479118824 16.702
16.062856387055945 19.32819367852062 16.673
15.90907836513361 16.74249397404492 16.762
15.665317664854228 14.035581718198955 16.723
15.988687627017498 12.138599468395114 16.804
17.118328646291047 11.372743503190577 16.757
18.237533419101965 12.205932981334627 16.72
18.556437477411237 13.889352606609464 16.75
18.94951783469878 16.527722739614546 16.725
19.25052745558787 19.236292746849358 16.739
19.514185802894644 21.6402356820181 16.765
19.81401795556303 24.209944528527558 16.78
20.117775956983678 26.93696472607553 16.787
20.41033965907991 29.39882899541408 16.82
20.634625879582018 31.967336806468666 16.799
20.904913452570327 34.36185497883707 16.799
21.21856591978576 37.02689914871007 16.789
21.507940889743622 39.54439927171916 16.78
21.79354371095542 41.9107571458444 16.75
22.139135639183223 44.57191779464483 16.705
22.43220521020703 47.237475695088506 16.698
22.733299657935277 49.6744355019182 16.739
23.03192104527261 52.28738510143012 16.774
23.314004584623035 54.60444754641503 16.769
23.690172379021533 57.29879622347653 16.809
24.296413888630923 59.40097620431334 16.738
26.69764334714273 59.52315132971853 16.696
25.466923395753838 60.27300999779254 16.725
26.872892758226953 57.926165882498026 16.743
26.686498496565036 55.683876746334136 16.734
26.370208706823178 52.82136496435851 16.738
26.131070893607102 50.29952452238649 16.724
25.85420032578986 48.0996172958985 16.722
25.543452538666315 45.459192159585655 16.769
25.259531823336147 42.793405876494944 16.755
24.902397351455875 40.31154771428555 16.77
24.577927555481438 37.67146506719291 16.765
24.266069327131845 35.16995826456696 16.793
23.958608403452672 32.56957511045039 16.786
23.744263333908748 30.124277445487678 16.746
23.4647071310319 27.541716653853655 16.727
23.211846572579816 25.02021878864616 16.789
22.839250984950922 22.28565709479153 16.699
22.51457162143197 19.72891410999 16.734
22.219545201805886 17.168344649486244 16.755
21.974183186830487 14.763945061713457 16.798
21.764741598046385 12.42346463445574 16.79
22.35937931155786 10.667862832546234 16.78
23.668460153741762 10.49012955185026 16.799
24.538388686836697 11.329540993086994 16.799
24.990276178345084 13.48186999745667 16.789
25.38610289990902 16.138690561056137 16.712
26.103506084531546 21.136279659345746 16.727
26.406777400523424 23.752199683338404 16.738
26.68877343321219 26.340872549451888 16.738
25.750592577736825 18.456782922148705 16.761
26.936750962864608 28.850146505981684 16.763
27.181517735356465 31.32246311660856 16.755
27.47877448773943 33.972484312951565 16.761
27.728390594478697 36.63912671711296 16.734
27.969000272394624 38.94487842358649 16.744
28.233239029883407 41.55559970252216 16.745
28.52556873334106 44.00821065250784 16.727
28.849905362643767 46.73471753485501 16.762
29.133372623997275 49.10730179492384 16.744
29.40793557476718 51.85665604099631 16.742
29.686026766430587 54.38061088323593 16.749
30.020498596481048 56.779700438492 16.763
30.81159351451788 58.861835456453264 16.719
31.915506035205908 59.54108545742929 16.721
33.02849403908476 58.65836188569665 16.73
33.11265313992044 57.07908214163035 16.746
32.90375424770173 54.76019313465804 16.745
32.64357469428796 52.22035895381123 16.768
32.37741328636184 49.53252412658185 16.741
32.159838245483115 46.95767573174089 16.722
31.91782211489044 44.503809104673564 16.743
31.626042383140884 41.79809488262981 16.718
31.330910336924717 39.41654231026769 16.729
31.014843247947283 36.83797894604504 16.698
30.695994945825078 34.423067218624055 16.745
30.394550453231204 31.788582744076848 16.673
30.037119581829756 29.019691340625286 16.704
29.88433742511552 26.748785331845284 16.711
29.639196620497387 23.986351074650884 16.691
29.384821102488786 21.495755492709577 16.683
29.129598737345077 18.971230030059814 16.719
28.692564071156085 16.13025027886033 16.692
28.30230326781748 13.788109298795462 16.743
28.014604122494347 11.887858639471233 16.717
27.858064576343168 10.475081468001008 16.739
27.787561885779724 9.575595496222377 16.786
27.68660660763271 9.473175363615155 16.703
27.63172023673542 9.474545086733997 16.713
0.1168658984825015 -0.13825919479131699 38.576
32.90511352656176 -3.5059730522334576 -2.977
32.40246348141227 -5.95024904049933 -2.987
31.55453811690677 -9.117398931644857 -2.949
30.436661893851124 -13.29016990493983 -2.952
30.149836204131134 -13.779931679368019 -2.95
31.526953105989378 -8.755595116876066 -2.95
32.88616983091924 -3.3480910239741206 -2.945
34.17145154881291 0.8390214443206787 -2.904
34.06350376975024 0.8231965005397797 -2.9
34.08089783496689 0.878318659029901 -2.891
32.478734593314584 -9.58799833059311 -2.822
30.09800550196087 -17.232383271679282 -2.803
-2.105615848558955 -14.82679436635226 -3.757
-2.241623174864799 -14.86661006975919 -3.75
-1.9120185386855155 -14.955084788613021 -3.761
-2.244209279306233 -15.153586067259312 -3.782
-2.180713870562613 -15.176776093430817 5.575
-2.4615456088795327 -15.151247871108353 5.622
-2.1974468819680624 -15.022035569883883 5.516
-2.1933349349419586 -15.040656946599483 5.449
-2.2645380424219184 -15.051225569099188 5.355
-21.299311717797536 -21.474330822005868 16.783
-26.84256849915255 -20.77422043401748 16.734
-11.207932198420167 -22.58734997268766 16.783
-24.43829099147115 -21.081155042164028 16.755
-8.66605213121511 -22.882281492464244 16.783
-13.82260930276243 -22.2751681227237 16.77
-18.96187119721435 -21.70860658492893 16.77
-16.440035141888075 -21.981435416266322 16.765
-6.138047539338004 -23.183038659393787 16.781
-26.25939815840684 -20.78877818956971 16.734
3.999590798630379 -24.368178786709905 16.77
-3.570548830088228 -23.46008900832385 16.769
6.493907951517031 -24.643398883752525 16.771
11.631040068052243 -25.203715450130403 16.771
1.4211958019295707 -24.069254082627594 16.764
9.175523668760434 -24.93255205079913 16.764
25.383631128352135 -25.315449819900095 16.751
14.23451511352323 -25.506348736584187 16.767
16.803917117766105 -25.79887131601572 16.776
-1.0814219461753964 -23.759873947128654 16.757
24.139310151687823 -26.2103338772431 16.773
19.04470782680437 -22.845498647540808 16.709
19.425765033985954 -26.09887472167611 16.768
21.98725124273915 -26.34181451611221 16.761
21.690633353078738 -23.189312553033233 16.68
23.930406972765923 -23.485952095128596 16.714
6.493621447123587 -21.445822059176862 16.749
3.908366653136909 -21.146727005951107 16.752
13.959660478984006 -22.215498834848404 16.754
-3.8699581793043762 -20.23652711417526 16.76
-6.412530300091021 -19.969358135014772 16.723
11.54790493065957 -21.933082536794245 16.752
-1.382657467504032 -20.517747899517417 16.785
7.808667721459642 -21.56815064419061 16.747
-11.408152556279674 -19.332312372513115 16.735
1.3140412453794852 -20.844318134710193 16.77
25.114238797686994 -24.00624219700694 16.747
-14.171171671128832 -19.00408172979951 16.715
-19.096744600101374 -18.402729970403016 16.7
-16.609983826812822 -18.705547956749797 16.708
16.505422026850283 -22.53829615842551 16.704
-21.767153512337245 -18.1231049047783 16.735
-26.05129654740449 -16.852566150017083 16.764
-26.345196227077395 -15.425458799116313 16.735
-25.19511970318854 -14.639343308284879 16.767
-23.392240612884052 -14.653483730740845 16.725
-20.763228987460025 -14.941335495561361 16.773
-18.164771442185156 -15.169780872762203 16.752
-15.449317738879472 -15.478307131677866 16.743
-12.953718140430283 -15.793690333142877 16.739
-10.362451811437495 -16.126892844215035 16.756
-7.907939794356935 -16.438162183389068 16.758
-5.265821455861442 -16.75102687254548 16.757
-24.299629764514975 -17.726550136692822 16.725
-8.945030606817454 -19.66540213022381 16.7
2.238220404018648 -17.64820979256183 16.775
4.977908062690403 -17.9943703757599 16.765
7.465131168835796 -18.278672566637397 16.763
9.867429659934714 -18.573200148530304 16.766
12.55377095064614 -18.856297173537314 16.773
15.18735878332518 -19.144249491393566 16.767
17.60361034423113 -19.429863245226443 16.763
-2.680722480174154 -17.056294448673725 16.761
-0.24854043638333678 -17.345398515462875 16.769
20.08176344120875 -19.710848085582256 16.757
25.08941836084705 -19.77409055363387 16.756
17.059588439879008 -16.10451781656593 16.724
19.57569457613863 -16.423487576656044 16.728
11.973006475775037 -15.536207119002938 16.77
22.665808813122567 -19.966696586459875 16.75
24.445611571718473 -17.05428767669946 16.705
22.34755336184753 -16.764271317981184 16.676
9.383025910472497 -15.243168946355581 16.776
26.092685568961315 -18.91022822353989 16.739
25.825349458958954 -17.610331293195486 16.733
14.508562524453737 -15.809367291629314 16.74
6.993988314759918 -14.967490847222507 16.783
-15.957317405787762 -12.3606500858441 16.727
-3.271496981731616 -13.862497627735138 16.765
-8.368587265431415 -13.256872205995023 16.742
1.0116969352820888 -14.345952010713518 16.756
-5.890821860870346 -13.553289020434022 16.761
-10.96977026440436 -12.954287425614893 16.717
-0.6405832474702038 -14.165821576490998 16.757
-18.542799304705113 -12.070800215005875 16.737
4.40552514634328 -14.705353256314993 16.764
-21.027655701851472 -11.783461230807006 16.733
-23.583692042331677 -11.41409660037607 16.753
-25.69702469522599 -10.636023989878595 16.75
-26.349634577927645 -9.369717282243073 16.731
-25.390822697023395 -8.27018148265779 16.737
-23.646635656186845 -8.251992348581553 16.725
-13.517737523594406 -12.628338338807225 16.72
-21.089653526316397 -8.491749442182481 16.741
-13.428338996425737 -9.321887124329805 16.733
-8.314858306082897 -9.912493236362934 16.737
-16.019910678616725 -9.001021538861096 16.732
-5.6732813940616325 -10.246949907392263 16.737
-18.519103633298073 -8.738017188385129 16.734
-3.01554173277691 -10.57563607301563 16.738
-0.4445515825645998 -10.89598307851702 16.75
2.122480772261042 -11.191538688726723 16.752
-10.74436566280201 -9.608020680956542 16.733
7.247937116946559 -11.760826998390257 16.759
9.898739892756566 -12.092421523295343 16.755
12.330535562010482 -12.396943935193121 16.765
14.96640788204968 -12.684953490272164 16.763
20.05077792145312 -13.250120459124446 16.767
26.528711868217215 -12.992026064544916 16.778
4.774284013721626 -11.483036204241216 16.757
22.485784923424944 -13.517681960947812 16.774
17.46979183278745 -12.963482630439103 16.764
18.766249384148978 -9.88777588866651 16.742
26.751913236570545 -11.750667644664645 16.778
16.31852284865454 -9.579771629534662 16.763
23.85509203793481 -10.548731978051364 16.721
25.752183335018344 -10.913980591110885 16.729
3.5774365592515096 -8.092012257315218 16.7
8.571380431239959 -8.704314164817333 16.749
-1.739965735701844 -7.511757272295654 16.738
13.698737231257837 -9.289077547378838 16.785
0.925788611988537 -7.794345173984766 16.738
11.124613561434671 -9.002608554437757 16.757
6.173505290527828 -8.416069259867072 16.735
-4.223226836242247 -7.2522421311587095 16.758
-11.847255675820634 -6.395267019048333 16.741
-14.49013986333739 -6.113245075568557 16.729
-26.161046199384145 -2.3650787118822336 16.712
-6.920536057383288 -6.950345880351961 16.743
-22.905442492454313 -1.8444889709353447 16.723
-24.75736624118872 -4.711876032873988 16.708
-19.625046887551434 -5.556050459854305 16.705
-9.748071178444661 -3.3396018305793405 16.751
-26.22375540813664 -3.7771111028268933 16.692
-17.611892770975828 -2.3716951617971063 16.747
24.98564089462161 -13.570808990858495 16.779
-4.774636808549985 -3.94831511285156 16.745
13.055995122122113 -5.9767000786960125 16.768
-2.1482237491291016 -4.248441046103835 16.751
15.759549364331178 -6.303436131216586 16.77
18.1504861942376 -6.5945910746231675 16.769
-14.970011001452804 -2.693817298859358 16.743
2.791677450761199 -4.825447333045304 16.748
5.4815093607176095 -5.151844905689359 16.744
10.454968331148848 -5.667954132892191 16.759
0.3643815530813299 -4.52412020880729 16.753
-12.296342913177796 -3.025991224683821 16.743
25.75803683284903 -7.194946194067597 16.778
20.826751515152864 -6.914471184834838 16.767
21.703488041472156 -3.7850788356736302 16.766
16.695517536019906 -3.184781912714243 16.775
26.17004867841024 -4.439762928523123 16.748
27.359153897792567 -5.207100983709097 16.777
14.112710213579703 -2.8795784367248416 16.776
24.37654169619782 -4.1419149748981 16.719
6.406201360223349 -2.0267374608665705 16.74
-8.944856686983258 -0.4059106884524226 16.75
-20.428328153910115 4.158565831370652 16.749
23.271365927357692 -7.163753563538194 16.772
27.210013758565765 -6.598457586020231 16.773
-17.782776072854176 3.8919071117416024 16.731
10.197717597242445 0.7120005171746016 16.745
2.5400084756547585 1.5944926235824823 16.739
0.07078011811245233 1.8660019990056753 16.732
12.844557676813565 0.4051974071189761 16.752
20.47513347910717 -0.46426031086593866 16.753
7.799845674773678 1.000244965776801 16.747
5.232509757974185 1.283460478298366 16.746
15.331697375746444 0.11781328357756138 16.757
-26.227385025005788 3.6860352605581284 16.743
17.873569716641214 -0.1771088195964694 16.752
-9.619320477708243 6.219030509702861 16.732
-14.659014319477137 6.739894326776266 16.727
-17.5044295709813 7.067097157239914 16.742
-24.874831116758287 8.183191752061248 16.739
-22.51575534325093 7.62429606448859 16.734
-8.508403134066612 9.287018198519945 16.71
-19.928532908903435 7.31279565487057 16.726
-13.75505071587395 9.859344084747136 16.713
-26.188970867486205 9.166626017540693 16.734
-19.183058272581547 10.408422987908125 16.73
-16.489174987538718 10.152903999201953 16.719
-11.180626575369388 9.585203838534653 16.714
-0.7291108466451988 8.41691108327359 16.74
-3.303381637262646 8.69721653033048 16.74
6.991030592820607 7.560634859837592 16.765
-21.828684847569093 10.67199777904898 16.713
4.499242888414301 7.845051662065089 16.761
-24.205277232802473 10.98750037048012 16.691
-25.916248805238865 10.557983529753983 16.74
1.9297766121453606 8.134494620375335 16.745
2.8700155413825996 11.240694877691567 16.744
13.094815764168743 10.065735532902181 16.775
25.89772615581751 8.397434339858592 16.701
0.3504011206678115 11.510375483892858 16.764
18.28617051342735 9.386783801950514 16.748
10.537400659755804 10.37956624943763 16.771
15.71603420120664 9.741054029203951 16.761
5.200045724923257 10.98500636126846 16.753
-20.138630034052767 13.747132283635437 16.723
-9.932801037211902 12.63742810394615 16.682
-2.337522217188962 11.821295470930636 16.73
-13.453573809354566 16.253132432699203 16.716
16.776722396491095 16.02330060582608 16.779
-3.7220931029878557 18.417663394473493 16.725
-11.322993518551812 19.283321587368846 16.733
-6.279042764683254 18.750007590278983 16.733
-19.049904589075595 20.142874279990792 16.72
-21.532385519123636 20.43324124533683 16.723
-13.947649509296753 19.561802411451936 16.743
9.185142356727738 16.987470294348896 16.772
-16.498276654980145 19.872387361712754 16.744
-25.011205906281248 23.804074523970485 16.773
0.15166941058123484 21.151256307959557 16.722
7.790545111405663 20.340218949131668 16.745
-25.950432237470523 21.74724787659943 16.757
5.327568209264427 20.586879146285355 16.737
10.2388767543016 20.056887658312917 16.755
2.782492966391146 20.84484870452434 16.735
-20.42287358752219 23.35311237629503 16.768
-7.611469027586281 21.934539202600718 16.716
10.239091155177448 -62.91325831506401 16.763
11.1623374997871 -53.51952018029988 16.756
14.482274837093428 -52.164087764918804 16.806
15.984306222759187 -39.47611219249666 16.763
11.730585860961583 -48.44722117763013 16.762
10.587349761859514 -58.4033770672977 16.768
10.907515398226678 -55.93602915201336 16.762
13.4203104331973 -32.91513040009886 16.724
11.435599632095546 -50.82260383479297 16.755
13.173874841304496 -62.31982799619436 16.814
13.145015720743686 -35.5101430201903 16.727
12.864168728410732 -38.05254729092121 16.737
13.672921501740348 -30.495479693636298 16.721
14.28541175101418 -25.30082635767758 16.723
14.822079389588907 -20.301813897676766 16.721
12.78026829654118 -14.732270394451916 16.79
13.974889487144537 -27.931997314095497 16.725
11.655924575927202 -20.997495497576892 16.748
10.394547722418793 -31.194533200003207 16.772
4.50232396251522 -55.01998668350279 16.733
5.129091536393389 -50.07877970393747 16.759
7.007849137880839 -32.199527327902615 16.737
3.4505797055899166 -35.54597012978047 16.764
-2.6445393424946815 -32.38454514183104 16.8
-8.076627998263575 -52.625752314925194 16.752
-6.078287344251294 -60.120166175067425 16.765
-5.538097963901237 -29.676487752236426 16.731
-5.234682863461785 -27.146992964670062 16.734
-4.89599436102435 -24.39615365024656 16.729
-7.239099846221507 -45.016934462822974 16.75
-6.0952316977782175 -34.76140937767923 16.707
-6.408696131955367 -37.23509706184268 16.744
-6.979013424250297 -42.29808435216546 16.752
-5.80071037315065 -32.12983952835202 16.707
-8.477923574915621 -27.26357410941273 16.778
-6.993300679023378 -14.541215354576707 16.764
-4.126594130590092 -16.67452247068286 16.749
-10.615739115979522 -45.06845626607537 16.835
-4.73928389349021 35.60684432089329 16.77
-2.942618719302118 50.65477763209492 16.755
-6.144395818701014 22.86089492496103 16.7
-9.15820954425726 24.692316547967494 16.72
-9.419688683294225 15.40860525611788 16.731
-2.3700196150457487 55.717708555050194 16.753
-1.2227873718366027 14.308934806846082 16.721
-7.179976639978122 15.843447027727962 16.681
-0.5355820708791725 42.75818139128387 16.728
-0.5831694869557396 16.005954076536 16.732
-3.275192847941071 20.094801052473485 16.726
5.636365223559551 40.752258324064314 16.735
8.867396671324968 41.57286131195724 16.732
13.92523657809943 60.851184686645865 16.766
7.144585488538723 26.365673849359155 16.745
11.032881924824324 59.296809495426714 16.82
12.954293488757685 61.83221936784685 16.803
13.843054683937225 56.45812032651156 16.793
11.862321046413854 61.35638046450913 16.79
13.274733287049457 51.3827361240983 16.795
13.537700519780628 53.75891814939678 16.785
10.627101612393744 56.79147421848029 16.772
10.306048183643725 12.295857439748943 16.807
12.263850017334335 14.271710632368922 16.754
11.701089620881248 12.628328384831548 16.708
10.1692894869484 23.228416150435805 16.762
9.90976248960942 20.898445254191756 16.768
9.371969111845829 15.671063038520515 16.747
12.686364186229184 16.62230541370809 16.758
14.805263596819714 37.15609273221344 16.768
33.11265313992044 57.07908214163035 16.746
29.639196620497387 23.986351074650884 16.691
29.129598737345077 18.971230030059814 16.719
0.1168658984825015 -0.13825919479131699 38.576
30.149836204131134 -13.779931679368019 -2.95
34.17145154881291 0.8390214443206787 -2.904
30.09800550196087 -17.232383271679282 -2.803
31.526953105989378 -8.755595116876066 -2.95
31.55453811690677 -9.117398931644857 -2.949
30.436661893851124 -13.29016990493983 -2.952
25.752183335018344 -10.913980591110885 16.729
