WGS84 UTM 19N
319223 4617496
-76.62871787161566 -71.4010231308639 57.533
-76.19151430379134 -70.40857573505491 57.499
-74.24335805804003 -64.79993859864771 57.489
-71.61460696067661 -56.62611288949847 57.51
-69.22382761683548 -49.24233299307525 57.527
-66.6816892545321 -41.60605785995722 57.555
-64.07349170796806 -33.82368226442486 57.54
-61.539008429506794 -26.19665628578514 57.54
-59.05235196033027 -18.656193968839943 57.533
-56.48267948324792 -11.033609905280173 57.558
-53.88880261586746 -3.250314553268254 57.528
-51.3463232552167 4.255410301499069 57.549
-48.711852558422834 12.00424078386277 57.54
-45.92981643159874 20.45929571427405 57.547
-43.60111542919185 27.404570202343166 57.505
-41.06258731440175 34.79407288413495 57.474
-38.52787916443776 42.40532286092639 57.526
-35.939772479527164 50.126329015009105 57.522
-33.44834912469378 57.6925648720935 57.502
-30.872845700010657 65.41944558918476 57.504
-28.335117753129452 72.9564054403454 57.532
-25.730731194256805 80.64678369741887 57.55
-22.289137092069723 85.72667599655688 57.514
-17.060142317437567 85.21133012510836 57.496
-14.512537652044557 81.62398292589933 57.459
-15.858176630688831 76.05157221853733 57.461
-18.49154236377217 68.27837275713682 57.499
-21.106443372613285 60.580369209870696 57.536
-23.691833091026638 53.06860791146755 57.557
-26.295034965034574 45.15143803227693 57.552
-28.861841890553478 37.604211911559105 57.542
-31.408587100799195 30.070034861564636 57.526
-33.863341139338445 22.521538285538554 57.518
-36.4456288604415 14.849825265817344 57.54
-39.03034936101176 7.131400047801435 57.517
-41.52445182373049 -0.4214345822110772 57.547
-58.81952037499286 -40.44156439136714 87.953
-56.675920550129376 -34.888851647265255 87.925
-51.52580533945002 -20.9230801993981 87.969
-46.47403551649768 -7.358905361033976 88.005
-41.381752649031114 6.187695685774088 87.987
-36.28716958977748 19.727130953222513 87.975
-31.179190559952985 33.29978412762284 87.973
-26.103722504689358 46.94447737745941 87.973
-21.08249217120465 60.58565336186439 87.969
-16.065500041353516 73.99351194594055 87.981
-7.044823498697951 82.29073717724532 87.94
3.8342484433669597 76.93621502257884 87.929
1.2365029031643644 64.55612082686275 87.96
-3.7834700898383744 51.06200013961643 87.966
-8.925441332161427 37.4499690644443 87.976
-14.060225323482882 23.872645852155983 87.98
-19.19574902858585 10.303010293282568 87.959
-24.231516457046382 -3.048600122332573 87.942
-29.37354542640969 -16.712947642430663 87.921
-34.532963793724775 -30.3858528342098 87.983
-38.93224462820217 -43.855284912511706 88.009
-31.593769220868126 -53.34964212030172 87.957
-21.700122171198018 -50.39894500654191 87.898
-16.369410923391115 -37.406080602668226 87.957
-11.277191869099624 -23.860348159447312 87.996
-6.207056405488402 -10.245172001421452 87.98
-1.1395475323079154 3.329298496246338 87.99
3.916168663534336 16.83974076528102 87.983
9.064757085870951 30.60237959306687 88.016
14.081905304163229 43.988365326076746 87.986
19.19607026973972 57.6621071388945 87.97
25.179177113226615 70.3496721945703 87.961
37.72350265661953 70.7025474011898 87.968
41.04639244324062 60.96412627212703 87.956
36.28665633604396 47.64818211551756 87.968
31.10481317108497 33.924918469041586 87.974
25.99537324148696 20.444702077656984 87.97
20.872501477366313 6.855279993265867 87.948
15.755670914542861 -6.66563006490469 87.996
10.660069979610853 -20.24884593579918 87.977
5.610859751701355 -33.7850105939433 87.975
0.49062364746350795 -47.395930556580424 87.959
-4.329101342533249 -60.4204730540514 87.992
-6.182334032317158 -65.56655542925 87.988
-39.21570727590006 -125.766143925488 87.908
-37.45967382431263 -121.57909981813282 87.95
-30.966354329837486 -104.29134426638484 87.999
-23.36790527019184 -83.68871547933668 87.965
-15.648855834035203 -63.37132414150983 87.963
-8.154415397555567 -43.138253149576485 87.968
-0.47303058102261275 -22.547919071279466 87.971
6.556123945163563 -2.5131937256082892 88.024
1.2387481874320656 9.64404764957726 87.932
-16.294226536352653 14.616034989245236 87.957
-29.921319716901053 7.925041412003338 87.974
-37.3489494342939 -10.616487476974726 88.001
-45.01155295042554 -31.03616334684193 88.03
-52.70139086432755 -51.4180371966213 88.059
-60.25491672748467 -71.73968243785203 88.031
-67.8173653644626 -91.98765727039427 88.042
-73.20678797271103 -106.37457124143839 88.013
-74.20566552423406 -108.84306690096855 88.001
-47.7491987546091 -14.169998055323958 87.905
-51.9940878485213 -12.708539153449237 87.996
-69.19550395163242 -6.239679743535817 88.061
-90.28418172663078 1.389589512720704 88.059
-110.21372276876355 9.39518944825977 87.991
-115.64547481038608 22.951869236305356 87.985
-109.73157043097308 40.83158963918686 88.03
-96.75685519585386 44.527010479941964 87.973
-77.83866142679472 37.864647541195154 87.998
-57.3784244148992 30.24215740710497 88.015
-38.88078855909407 25.33649582695216 88.001
-28.71005469741067 36.38502800837159 87.957
-24.194849409919698 53.91323756799102 87.941
-36.05796272860607 63.36388432327658 87.979
-55.624700177810155 70.92699534446001 87.989
-75.99619994539535 78.53669317346066 88.086
-92.86612137325574 84.77994034718722 87.969
-96.52365110407118 86.15594290476292 87.996
-26.25007528893184 19.567317028529942 87.934
-24.510268647165503 23.640780821442604 88.038
-18.087711588828824 41.023988308385015 88.04
-10.393852635403164 61.605330594815314 88.073
-2.7751868724590167 81.85515672434121 88.046
4.807048881892115 102.10835250932723 88.031
12.466639664489776 122.61025120597333 88.058
21.197625105909538 140.67475420143455 88.01
36.928939706645906 141.80549862235785 87.996
53.59495392238023 134.81964209862053 87.944
53.01429573784117 120.63923759106547 87.929
45.581746598589234 100.4671063059941 87.972
37.98989538208116 80.14501054957509 87.975
30.433865548227914 59.84801562875509 87.944
22.834466970758513 39.599561802111566 87.933
15.18200482800603 19.24312766920775 87.934
10.03022028884152 5.271025652997196 87.984
8.972603711066768 2.8493321258574724 87.974
9.567063541035168 -35.750558017753065 87.952
14.02579360594973 -37.49779653828591 88.058
31.467679366120137 -43.92096119560301 88.038
52.02458374865819 -51.50455985125154 87.967
72.29268327745376 -58.435307492502034 87.916
84.68155355512863 -51.58979568909854 87.951
91.06933606031816 -33.85620915796608 88.038
83.18087379011558 -22.177058367058635 88.034
64.8667503100587 -14.973746456205845 88.051
44.452469934825785 -7.411885740235448 87.971
26.79192908119876 1.1820497792214155 87.921
25.696316936868243 16.24833755195141 87.882
32.9694019802846 32.82052293140441 87.942
47.45131606142968 32.38193686213344 87.929
67.70837165700505 25.118798381648958 87.961
87.76826828834601 17.595155257731676 87.952
104.70889942994108 11.271463247947395 87.966
108.57159856474027 9.921170476824045 88.02
-33.85266610386316 -54.99640955589712 33.535
-30.653854081698228 -56.240699073299766 33.535
-24.924416562658735 -57.96791522949934 33.515
-22.478496380965225 -58.79445735923946 33.486
-22.160127167240717 -58.672832710668445 33.459
-22.66620467614848 -58.615956709720194 33.475
-22.521218349575065 -58.71849619038403 33.438
-22.412050068785902 -58.73880472034216 33.445
-26.335578038007952 -57.59044800978154 33.412
-29.809295712271705 -56.5572081906721 33.454
-33.55186355218757 -55.29375539626926 33.488
-36.755661093164235 -54.25698995124549 33.486
-38.567930278368294 -53.45820797048509 33.465
-42.1031624606112 -51.833120421506464 33.512
-42.711335648433305 -51.000391020439565 35.248
-42.4256261815317 -51.0971490945667 38.916
-43.087313913274556 -50.53038279991597 39.054
-44.60910099139437 -49.47094874829054 39.076
-49.22653547045775 -44.947097059339285 39.016
-49.52596994146006 -44.13682313449681 38.958
-52.11328401486389 -42.42543551325798 38.974
-55.47050398821011 -38.91786182299256 38.986
-57.22527730365982 -34.83099206350744 38.982
-56.948525946063455 -30.906600959599018 38.963
-56.50073828571476 -26.299910180270672 38.972
-55.80066736385925 -21.50071152113378 38.99
-54.51882853289135 -16.686084577813745 38.998
-53.425352373858914 -12.609982413239777 39.004
-52.68901342630852 -9.766109230928123 39.006
-51.93873791140504 -7.20490004774183 39.01
-51.30120210244786 -5.009151911363006 38.996
-50.8062289491063 -2.9547955337911844 39.006
-50.13482413580641 -0.5290302205830812 39.003
-49.40349180868361 1.9020002074539661 38.987
-48.67434612463694 4.500517885200679 39.011
-47.872091382101644 7.3890580255538225 39.003
-47.094355038017966 10.236664450727403 39.006
-46.385757458687294 12.832812134176493 38.988
-45.741178135736845 15.274809061549604 38.966
-44.97553808800876 17.778413119725883 38.972
-44.32926320878323 20.248031970113516 38.955
-43.74399083672324 22.428878379054368 38.974
-43.085980883101 24.845427340827882 38.955
-42.363931894651614 27.38068483863026 38.967
-41.648701681231614 30.064881186001003 38.979
-40.95124798303004 32.75419246032834 38.988
-40.218452851171605 35.121302540414035 38.974
-39.411030796240084 37.64718436729163 38.961
-38.58528511994518 40.331592104397714 38.931
-37.75591633794829 43.20911637227982 38.938
-36.80849392397795 46.118214908987284 38.946
-36.06845601333771 48.9869941836223 38.943
-34.73461671266705 52.30542269162834 38.941
-32.731717186863534 55.74907016847283 38.947
-30.25200346764177 58.96003698091954 38.949
-27.324904688925017 62.05261324997991 38.941
-23.913377481978387 65.29684472084045 38.951
-20.68465489090886 68.29337532352656 38.96
-17.42663900658954 70.89308650884777 38.971
-13.924146126490086 72.97344695031643 38.972
-10.229936496645678 74.48645845614374 38.971
-6.177213335293345 75.46135528571904 38.961
-1.8690978536615148 75.73219661042094 38.98
2.185494724428281 75.45092226099223 38.991
6.36754596082028 74.76524253375828 38.959
10.077063303033356 73.85472539067268 38.977
14.401958205038682 72.61515476182103 38.978
18.75114567077253 70.95856068469584 38.971
22.839762591116596 68.76413830183446 38.97
26.967910722421948 66.21530323382467 38.977
30.79634940053802 63.122071616351604 38.96
34.126643972471356 59.51822369545698 38.944
36.721298746881075 55.67517356853932 38.959
36.494586384273134 53.57749359961599 38.974
35.893218643730506 51.041407968848944 39.004
35.85927852749592 46.185960702598095 39.001
34.15431637538131 42.977318516001105 38.963
33.5754879048327 39.98447643965483 39.009
32.75166009343229 37.35189857054502 38.994
31.43647919408977 35.62386959884316 38.977
30.80058795394143 32.70968342013657 38.965
30.741160178673454 32.5657488014549 38.963
30.31586451898329 30.941820552572608 38.989
30.00005631253589 30.228173517622054 38.974
29.44989231118234 28.348747556097806 38.973
29.074181848554872 27.2346415463835 38.961
28.474791004729923 25.29546186234802 38.953
27.827697765198536 23.056507940404117 38.951
27.272619490046054 21.375191249884665 38.937
26.82934578426648 19.83426600601524 38.938
26.536445602599997 18.883170100860298 38.939
26.126619934337214 17.52594296541065 38.935
25.696627497207373 16.22433151304722 38.953
25.379513052583206 15.026420476846397 38.946
24.96588001406053 13.736173313111067 38.963
24.50086697412189 12.314009903930128 38.965
24.041075665387325 10.801721535623074 38.975
23.681863290898036 9.552654108032584 38.955
23.20796168380184 8.144602816551924 38.955
22.69775131868664 6.389937834814191 38.961
22.247651472338475 4.977953133173287 38.954
21.751473105628975 3.294262258335948 38.953
21.138616504031233 1.3133147396147251 38.943
20.47712967277039 -0.7961741536855698 38.948
19.9487927830196 -2.602488975971937 38.961
19.55313817341812 -3.8567476738244295 38.949
19.04362203599885 -5.567322156392038 38.964
18.547595962067135 -7.211908518336713 38.976
17.845164396159817 -9.534792830236256 38.974
16.908838865347207 -12.562612952664495 38.975
15.945436661015265 -15.633746690116823 38.971
14.98925862199394 -18.794833621010184 38.948
15.131071442563552 -21.08001798391342 39.062
13.302512630471028 -16.113593985326588 39.104
11.12739534501452 -15.92895814217627 39.079
7.671270201681182 -15.179491483606398 39.104
6.957789805950597 -18.012835847213864 39.163
3.342659546993673 -17.3467940017581 39.224
3.1146606422262266 -17.170943993143737 39.168
3.563562272116542 -16.955507333390415 27.383
3.358152282773517 -17.075982860289514 27.386
3.2705212015425786 -17.182430792599916 27.384
3.072960394900292 -17.89961532689631 27.38
2.695796596352011 -20.4642419135198 27.403
2.8729433703119867 -19.20936030615121 27.401
2.305260033812374 -22.396911637857556 27.399
1.949408230255358 -24.463335290551186 27.393
1.5197737629641779 -26.245696494355798 27.404
0.9234495422570035 -28.066182826645672 27.4
0.36194861412514 -29.67489681020379 27.394
-0.31286926404573023 -31.695165634155273 27.416
-0.9335028484929353 -33.73646650835872 27.405
-1.9877092936076224 -36.85785924363881 27.426
-3.0894595014397055 -40.03827019315213 27.443
-3.9612449414562434 -42.81151322554797 27.406
-5.30217092554085 -45.47003978583962 27.381
-5.443857590376865 -45.61634309682995 27.399
-5.382310073589906 -45.31580722518265 27.402
-4.401347286941018 -42.09046365041286 27.409
-3.9538494297885336 -40.927173836156726 27.45
-2.9555857330560684 -37.821479885838926 27.429
-2.0528125796699896 -35.117235619574785 27.435
-1.634624668455217 -33.90420994721353 27.421
-0.7960656570503488 -31.408107744529843 27.409
0.12046211044071242 -28.82542342506349 27.418
0.7085523351561278 -26.90218153130263 27.405
1.3023628737428226 -25.174735963344574 27.449
2.1130197197780944 -22.711704875342548 27.433
3.0216246591880918 -19.81906575616449 27.436
4.0663947006105445 -16.75465235952288 27.418
5.145382317714393 -13.779762068763375 27.424
6.115523646702059 -10.88734174426645 27.428
6.903403427219018 -8.749378005973995 27.457
7.709329380770214 -6.252562935464084 27.417
8.589512172271498 -3.737066963687539 27.419
9.45790897810366 -1.2001640629023314 27.417
10.286574479890987 1.0789827164262533 27.409
11.073303170211148 3.2737493868917227 27.424
11.651298800716177 5.232799507677555 27.399
12.23989569809055 7.034371766261756 27.42
12.948582926590461 9.133114541880786 27.411
13.795853912539314 11.496230443008244 27.415
14.696948763390537 14.061751266010106 27.428
15.239660451421514 15.767710626125336 27.409
15.985559608088806 16.878810909576714 27.392
17.23922462540213 17.8351135738194 27.406
18.052511731511913 18.385555972345173 27.405
18.689705516968388 18.74623262602836 27.363
19.50262426258996 19.311794450506568 27.836
20.798900901922025 20.25713468529284 27.606
21.693072267691605 19.73206191509962 27.726
22.694716432248242 20.354303495958447 28.243
-33.58843851380516 -54.32723778951913 33.204
-33.59556925133802 -54.240175450220704 33.219
-33.7251090676873 -54.31101258657873 33.206
-33.70925752003677 -54.41551590338349 33.175
-33.46357171377167 -54.147846372798085 37.733
-35.255006126710214 -50.11383178643882 42.324
-35.39125189743936 -49.91574191395193 43.648
-42.73262070142664 -34.942047990858555 46.188
-51.83026464597788 -16.26252067834139 46.769
-53.92910758382641 -8.44480083603412 46.863
-53.978763406164944 -8.208009719848633 46.767
-53.470133937953506 -7.246139264665544 46.754
-52.30169867200311 -4.308288640342653 46.763
-50.77040265139658 -0.11591035313904285 46.783
-49.71020878886338 3.1496478598564863 46.797
-48.377350132737774 7.1481597842648625 46.788
-47.03145943809068 11.191228611394763 46.801
-45.86007289192639 14.797400414943695 46.8
-44.639760385791305 18.461333417333663 46.796
-43.35352430958301 22.160267057828605 46.82
-42.09285798796918 25.921841479837894 46.804
-41.12852255429607 28.78818262927234 46.805
-40.45202609198168 30.666749658063054 46.8
-29.652980149025097 -3.999842619523406 46.774
-29.657061308971606 -4.046069534495473 46.765
-32.36933224112727 -2.544519710354507 46.762
-37.950773710850626 1.9469873942434788 46.763
-43.99667177896481 9.48432701267302 46.78
-47.48425911081722 18.352679312229156 46.793
-48.38656831620028 26.954367073252797 46.795
-47.14426165318582 35.060859492979944 46.809
-44.19230906764278 42.83412187639624 46.828
-40.091230205842294 50.43084458913654 46.821
-35.49085709662177 56.95660494919866 46.803
-29.533976077800617 62.87096143420786 46.81
-22.6478576437803 67.83872335031629 46.789
-11.63044511602493 57.89925124403089 26.587
-11.526585565181449 57.85674504097551 26.602
-11.602139754919335 57.77343532536179 26.612
-11.6543095545494 57.74886456131935 26.593
-11.068041649297811 57.95939012710005 26.451
-10.12238541780971 58.63025825750083 26.465
-10.198105988325551 58.69549722503871 26.46
-10.137857806286775 58.79930272139609 26.487
-10.071804917766713 58.793192164972425 26.477
-63.327282473503146 -127.63088165968657 130.988
-62.56399433512706 -127.77557819429785 130.957
-60.44252806599252 -128.38140478357673 130.962
-56.609606503741816 -129.49471640307456 130.968
-51.317290297476575 -130.99215865135193 130.965
-44.80408990569413 -132.82726862374693 130.967
-37.25377813249361 -134.93952136673033 130.965
-28.63163154409267 -137.36878666374832 130.986
-19.54966596676968 -139.899746267125 130.986
-9.816381481534336 -142.5904476456344 131.0
0.7506225310498849 -145.52292791102082 131.013
11.33984757779399 -148.42328841146082 131.01
22.584134378819726 -151.54313999507576 131.037
33.7321943823481 -154.66476835682988 131.018
45.32002959633246 -157.8607983123511 131.009
56.30755346850492 -160.84646288864315 131.014
68.12698041682597 -164.08340357150882 130.995
79.45650500629563 -167.22975517902523 130.987
90.35641629097518 -170.15693889465183 131.063
99.17149511678144 -172.06517214979976 130.993
105.16536626277957 -172.21417513489723 130.9
109.73166878090706 -170.2701174300164 130.91
113.36876054416643 -166.11068680230528 130.896
115.76727281033527 -161.12242437060922 130.886
117.7569677043939 -155.21514640375972 130.978
117.9259745873278 -150.21567526645958 130.912
115.60010541405063 -146.39599291235209 130.916
111.43309218494687 -143.7771328277886 130.925
106.53914842871018 -142.14475630503148 130.885
101.04779307974968 -140.50386956706643 130.862
94.07225606194697 -138.44114287849516 130.88
86.1473919589771 -136.187041179277 130.897
76.83544999687001 -133.5509812515229 130.922
67.18204045575112 -130.86285702791065 130.911
56.6117943439167 -127.94017004687339 130.911
46.14160847302992 -125.05254358891398 130.892
35.722762379213236 -122.20330453757197 130.904
24.16542694083182 -118.9924702718854 130.887
12.504333949531429 -115.78155494481325 130.875
1.0716441957629286 -112.6748188463971 130.838
-10.240368822356686 -109.61454954650253 130.851
-21.654422033694573 -106.50591310486197 130.852
-33.17117496562423 -103.35855832602829 130.866
-44.971628752420656 -100.12092107813805 130.878
-55.54117647826206 -97.2429668372497 130.883
-67.01647395000327 -94.08415859565139 130.862
-78.4308577728807 -90.9342015022412 130.869
-89.84497721400112 -87.7840101448819 130.886
-101.22359064314514 -84.62314154300839 130.898
-112.56278059608303 -81.49435826484114 130.916
-123.76458434492815 -78.3538035331294 130.91
-135.26368683180772 -75.17672749981284 130.929
-146.8763501223293 -71.97554473020136 130.901
-158.2868561121286 -68.80633366573602 130.918
-169.06564593629446 -65.83415261376649 131.138
-176.96028182352893 -63.30209020804614 131.026
-181.65788824274205 -60.53432926442474 131.015
-183.9922051760368 -56.36390643939376 131.033
-184.11924966645893 -51.29329172708094 131.026
-182.90514091652585 -46.15999562945217 130.994
-180.8139290131512 -40.4959995849058 131.044
-177.75957910297439 -36.13467462360859 131.001
-173.1790145052364 -34.11094073019922 131.014
-167.91205459274352 -34.293708459474146 131.014
-162.7230946031632 -35.39865725021809 130.975
-154.59301701467484 -37.51701425202191 130.961
-148.42862309888005 -39.21709403861314 130.957
-140.3314650427783 -41.471926485188305 130.962
-131.29502230824437 -43.95933530665934 130.959
-121.45770072611049 -46.67582298256457 130.962
-111.25611259375 -49.49826225824654 130.97
-100.48234301351476 -52.47434074245393 130.98
-89.33862389950082 -55.55895459931344 130.973
-77.73927375808125 -58.785706541500986 130.979
-66.40532326570246 -61.899971638806164 130.992
-55.059572517173365 -64.98918458539993 130.992
-43.45367775997147 -68.18204702157527 130.992
-32.31991235236637 -71.25354153476655 130.989
-20.91506483987905 -74.38796438183635 130.987
-9.521305646921974 -77.54630920942873 130.972
2.234891997242812 -80.79743868857622 130.98
24.91511377709685 -87.06755299959332 130.958
13.387248782906681 -83.8859944390133 130.98
36.06000165932346 -90.13921858835965 130.976
47.50899633730296 -93.26875424478203 130.956
59.2048958815285 -96.50193462334573 130.961
70.4176919395104 -99.59636719152331 130.947
81.37406308029313 -102.6086550122127 130.959
92.80310600844678 -105.75794483814389 130.97
104.12648637074744 -108.89021971262991 130.967
115.22480026812991 -111.78659742418677 131.076
123.47429057513364 -113.37268065102398 130.969
128.8538934380049 -113.27797666564584 130.954
133.59652459842619 -110.94804728031158 130.946
136.99909304705216 -106.63181753922254 130.92
139.30547037452925 -101.59700746461749 130.898
141.04230679327156 -95.65279745776206 131.007
140.86580263002543 -90.96248183771968 130.885
138.31566061731428 -87.2884747153148 130.929
134.13778051640838 -84.87389217596501 130.918
129.3282294178498 -83.27487622201443 130.879
123.18544496363029 -81.40137665439397 130.872
116.24995358020533 -79.34789950959384 130.902
107.93713181244675 -76.99526674393564 130.886
99.1345747129526 -74.56861453596503 130.894
88.67113855399657 -71.66699539404362 130.888
78.80251866637263 -68.92979229893535 130.875
68.309838280431 -65.9631877252832 130.875
56.970141387195326 -62.84043915942311 130.946
45.72270797623787 -59.75810725800693 130.971
34.297293884155806 -56.60716187860817 130.984
22.55537373619154 -53.4152168314904 130.943
11.676388206076808 -50.44556010328233 130.916
0.14148564904462546 -47.28801928181201 130.878
-11.44841668754816 -44.12229451444 130.896
-22.808491883333772 -40.977792248129845 130.875
-33.955799921415746 -37.85730513278395 130.837
-45.519532333360985 -34.65551995765418 130.857
-57.07904301938834 -31.527705494314432 130.845
-68.29767883685417 -28.442805057391524 130.866
-79.53391732700402 -25.326444564387202 130.907
-91.09916407300625 -22.169542061164975 130.927
-102.30013868352398 -19.078810779377818 130.932
-113.76221769402036 -15.890254968777299 130.977
-125.26476430759067 -12.767764852382243 130.925
-136.63442342780763 -9.656610013917089 130.937
-147.9168298873119 -6.507198041304946 131.098
-156.51030562189408 -3.929512534290552 131.027
-161.75686016946565 -1.3134456388652325 131.005
-164.5560753401951 2.479405466467142 131.007
-165.22830407344736 7.387465187348425 131.013
-164.19289119675523 12.562050833366811 131.001
-162.3677114645252 18.14988554827869 131.012
-159.579351579363 22.89868271443993 131.034
-155.2568779346184 25.51423288974911 131.026
-150.17915816232562 25.8466607760638 131.019
-144.64098322222708 24.77068058680743 130.997
-138.50478610990103 23.222529229708016 130.984
-131.69831350899767 21.34926219470799 130.986
-123.39837772323517 19.04721776396036 130.975
-104.89805950643495 13.924555774778128 130.978
-94.69555955042597 11.07555858232081 130.971
-83.85035559441894 8.062588410452008 131.008
-72.85447167116217 5.0140569834038615 130.985
-61.439484187285416 1.8545295940712094 130.993
-50.22093763429439 -1.22547204233706 131.011
-38.60518215224147 -4.353475298732519 130.999
-114.55677732039476 16.623406758531928 130.974
-27.33887939224951 -7.482197058387101 130.986
-15.93527897016611 -10.625696959905326 130.974
-4.458688906917814 -13.811016529798508 130.964
6.851727274362929 -16.971460142172873 130.968
18.210407880193088 -20.120548179373145 130.965
29.497722773696296 -23.216932545416057 130.96
41.00407221459318 -26.36948575824499 130.972
52.14207938348409 -29.446179975755513 130.984
63.9193151096697 -32.692853678017855 130.976
74.93189255252946 -35.7012421162799 130.964
86.19740734901279 -38.82164957001805 130.964
97.70254155818839 -42.02740766480565 130.953
108.8966719295131 -45.115980789996684 130.976
120.57439773681108 -48.334273933432996 130.965
132.1265807466698 -51.465278026647866 131.006
142.0347225551959 -53.876429146155715 131.063
149.00856216263492 -54.83393231034279 130.961
154.0815852896776 -53.763668935745955 130.957
158.2504429135006 -50.51877651363611 130.93
160.9663998669712 -45.786484151147306 130.93
163.14743457501754 -40.35076121799648 130.896
164.29747375519946 -34.70951087772846 130.974
162.96408707107184 -30.34078918863088 130.932
159.5577045653481 -27.18094491958618 130.94
149.64660496712895 -23.685823769308627 130.885
143.1894249995239 -21.72886403556913 130.903
135.61238900548778 -19.537018075585365 130.885
127.06402713543503 -17.095472410321236 130.894
117.85626740887528 -14.501636111177504 130.899
155.17974104097812 -25.403725450858474 130.886
97.3056703634793 -8.780686407350004 130.897
86.41079474671278 -5.772631706669927 130.907
75.27855204697698 -2.72602126467973 130.94
63.882632458698936 0.4221381824463606 130.904
107.8417917859042 -11.722350175492465 130.896
52.105985735717695 3.6602454585954547 130.899
41.02527151466347 6.675280119292438 130.909
29.607341426424682 9.74550118111074 130.923
18.219482187065296 12.875089065171778 130.914
7.0635086939437315 15.969403754919767 130.864
-4.810600978787988 19.241063691675663 130.944
-16.505811971146613 22.43368036672473 130.878
-27.30273088661488 25.399666968733072 130.919
-38.96415675384924 28.610356451943517 130.966
-50.671753063215874 31.8325631339103 130.972
-61.25694732496049 34.71948740165681 130.95
-73.04241720971186 37.94403024762869 130.949
-84.35156134655699 41.011803921312094 130.922
-95.88168959220638 44.166612210683525 130.897
-107.21292399789672 47.298864795826375 130.93
-118.62004636257188 50.433273763395846 130.92
-129.76970927097136 53.55253569688648 131.1
-138.2642803582712 56.18892418500036 131.025
-143.133455460018 58.71923563722521 131.008
-146.33352713019121 67.64582564961165 131.045
-145.8804888210143 62.760744840838015 131.034
-145.20273930073017 72.68012651149184 131.004
-143.31591273332015 78.17085995152593 131.024
-140.26751973375212 83.03453338425606 131.012
-135.9662012953777 85.35809301398695 130.982
-130.78682770300657 85.59541700873524 130.992
-125.36989949864801 84.54461958818138 130.975
-119.16722069168463 82.98291556257755 130.956
-111.54556474747369 80.9223203053698 130.954
-103.17110832151957 78.6025266032666 130.946
-94.25116125319619 76.1246516611427 130.95
-84.26876048761187 73.36521345190704 130.959
-74.55156726349378 70.69936534110457 130.965
-63.560535418393556 67.6537425974384 130.98
-52.78196401929017 64.63360826671124 130.982
-41.49649775127182 61.48670845199376 130.99
-29.70945656870026 58.24639960285276 131.005
-18.725616066076327 55.28413410950452 130.994
-6.95742232829798 52.03878419287503 131.002
4.0796973195974715 48.98266189172864 131.01
15.597941830405034 45.80154015030712 130.995
26.90019665786531 42.690880664624274 130.996
38.46173687541159 39.51859286241233 130.975
49.531329208868556 36.44439163431525 130.967
60.84764136560261 33.31554523576051 130.964
72.14336204202846 30.215234405361116 130.962
83.64031300658826 27.05620514601469 130.987
95.00056599813979 23.94163850042969 130.987
106.55287516472163 20.767807881347835 130.989
118.06742209044751 17.605392115190625 130.996
129.13293764402624 14.571972856298089 130.986
140.56673297577072 11.433183937333524 130.98
151.7327487883158 8.348826494067907 130.995
163.7029609172605 5.292436336167157 131.066
170.32943745952798 4.1487205140292645 130.976
175.72318786289543 4.553963288664818 130.902
180.1952329664491 7.217602156102657 130.916
183.2129240645445 11.574991658329964 130.912
185.52881772303954 16.834667798131704 130.879
187.1354575813748 22.532186538912356 131.044
186.6958119534538 27.217577263712883 130.92
183.6991851903731 30.90948823094368 130.99
179.55857525020838 32.96991323400289 130.977
174.42191943409853 34.589812722057104 130.91
168.3969624072779 36.40286937728524 130.93
161.07110492745414 38.53658723458648 130.913
152.54316647793166 40.963148133829236 130.905
143.5660957756918 43.461925205774605 130.899
133.83984323649202 46.142143012955785 130.917
123.39471161284018 49.04625971894711 130.897
112.7055693467264 51.99954079836607 130.906
101.55133432993898 55.055780169554055 130.913
90.49029492028058 58.11524264328182 130.873
79.08095894032158 61.26594377029687 130.862
67.05080010776874 64.56253206636757 130.878
55.800981462642085 67.63147670123726 130.851
44.547783032641746 70.75429851934314 130.895
33.293910949490964 73.85337954107672 130.909
21.458154597552493 77.06714911013842 130.937
10.613921657088213 80.05949658714235 130.973
-1.0538780182250775 83.28839944768697 130.983
-12.582724616397172 86.43615527637303 130.964
-24.008261569892056 89.5489926636219 130.925
-35.051420006668195 92.58076123241335 130.943
-46.73956648481544 95.81380942836404 130.938
-57.690676978440024 98.82940331473947 130.903
-69.0218688484747 101.9537105159834 130.89
-80.36565471894573 105.09013094659895 130.868
-92.157418576302 108.36064589768648 130.89
-103.5762264400255 111.52655132859945 130.888
-113.86556587793166 114.36387426685542 131.082
-121.06277702277293 116.85739319212735 130.961
-125.1010919980472 119.66614224202931 130.925
-127.12623939663172 124.17316342052072 131.003
-126.91685822134605 129.36938458308578 130.972
-125.52620790200308 134.5773363308981 130.977
-123.2272919327952 140.1164438771084 131.092
-119.8333001829451 144.0114699602127 131.008
-115.19930277613457 145.5871401419863 131.031
-109.7756932642078 145.14258313924074 131.003
-104.31974817474838 143.90716102346778 130.964
-97.50001838733442 142.12468975689262 130.963
-89.8339453235385 140.01155229005963 130.969
-81.15632357686991 137.62302180659026 130.966
-71.60638865892543 134.9691711999476 130.978
-62.13836057699518 132.339732456021 130.988
-51.807626088149846 129.4701076215133 130.992
-40.97770837403368 126.44224597420543 131.003
-29.81219185318332 123.36071443371475 131.014
-18.390152754844166 120.21051100734621 131.018
-6.5533929516677745 116.97386904153973 131.012
4.984121035726275 113.7985701309517 130.999
16.257034895708784 110.70451505854726 131.014
27.469732893339824 107.63632866181433 131.016
38.84916870750021 104.4825164405629 130.99
50.11230703291949 101.34987682290375 130.985
61.52562063705409 98.19802485592663 131.01
72.53481276880484 95.16592994518578 131.0
84.16187036945485 91.96917241439223 130.992
95.54520748450886 88.83957499545068 130.976
106.47609218512662 85.82861795742065 130.965
118.25075796246529 82.58608784712851 130.963
129.7084031800041 79.41345383133739 130.957
141.22836239845492 76.23471267521381 130.965
152.51685046683997 73.13337527401745 130.962
163.86446933913976 70.02189980819821 130.963
175.28219628258375 66.86001293640584 130.969
185.9644912391086 63.97888113744557 131.1
194.17481162241893 61.82112097647041 131.014
198.5235745278187 60.64183516893536 131.031
200.47595937072765 60.09945099148899 131.036
201.68714549811557 59.75806452333927 131.025
202.18915524077602 59.616090717725456 131.008
202.19754287949763 59.6085465811193 130.99
202.52803340234095 59.54400051571429 130.978
202.24786670925096 59.39796105585992 130.966
200.78774139494635 58.9487923188135 130.96
197.6225658909534 57.924860037863255 130.969
192.81934285350144 56.34458746295422 130.967
186.6430028573377 54.284850331023335 130.966
179.64854071947047 51.948203946463764 130.96
171.36186761973659 49.133948779664934 130.959
162.7895070660743 46.26224171742797 130.946
153.31079141324153 43.09574743453413 130.945
143.61483912169933 39.85519162286073 130.946
132.83129022544017 36.24631748814136 130.952
122.21468041406479 32.699245393276215 130.915
111.23666501010302 29.041420236229897 130.894
100.06530933268368 25.286382576450706 130.917
88.76664699485991 21.53957129456103 130.911
77.4951737121446 17.817978478968143 130.91
66.44965124962619 14.173365172930062 130.918
55.14076747884974 10.452082977630198 130.94
43.91639528813539 6.724020172841847 130.943
32.37925711378921 2.9317573085427284 130.94
21.298924519505817 -0.6645812569186091 131.116
13.212873704964295 -3.255515955388546 131.034
8.795504284498747 -4.7390777030959725 131.023
6.333467221353203 -5.532573279924691 130.992
4.967461938271299 -5.980078171007335 130.986
4.281050919613335 -6.198633812367916 130.981
4.181755430880003 -6.103913608938456 130.95
4.069707368151285 -6.09875388070941 130.974
4.022276319563389 -6.14344282541424 130.983
-33.27248454588698 -22.839331614784896 36.253
