WGS84 UTM 19N
342450 4703592
-25.381245762109756 -52.43715904280543 26.533
-21.129244978772476 -50.21556094661355 26.52
-12.874760863604024 -45.9950924385339 26.573
-25.018598264548928 -52.263272415846586 26.508
-4.309237393375952 -41.861880973912776 26.547
-23.716237550252117 -51.55511803831905 26.507
-8.44181754940655 -43.85472814925015 26.511
-0.011244517052546144 -39.72772100567818 26.577
4.37291348783765 -37.52143831830472 26.574
-17.468764460005332 -48.286120804958045 26.543
8.526054809859488 -35.42720654141158 26.564
12.82023873354774 -33.25900570768863 26.542
16.89967068459373 -31.19087910372764 26.539
20.994319283694495 -29.157041248865426 26.532
25.22495528345462 -27.07072279136628 26.533
29.50009290582966 -24.93602923117578 26.536
33.63052154122852 -22.835097948089242 26.542
37.850915824237745 -20.696076880209148 26.542
43.9378870051587 -17.651774680241942 26.543
46.37390787201002 -16.419884083792567 26.54
50.39975047879852 -14.396820212714374 26.517
54.95281138387509 -12.095566250383854 26.514
58.89650712074945 -10.067556338384748 26.511
62.922666221042164 -7.7266227863729 26.536
65.76217642601114 -5.220013694837689 26.512
66.71199364715721 -2.7201067274436355 26.529
66.64253188588191 -0.7372516235336661 26.542
66.0638996239868 -0.054497167468070984 26.463
64.26290226215497 -0.6865981156006455 26.476
62.31438218499534 -1.6795287113636732 26.429
59.22312594309915 -3.192893805913627 26.421
54.9339065104723 -5.243961364030838 26.489
50.36627297208179 -7.381321830675006 26.518
46.21697782876436 -9.407769455574453 26.494
42.00117565563414 -11.445057036355138 26.53
37.710622001904994 -13.554720564745367 26.54
33.66200897685485 -15.57417683582753 26.536
25.143297972041182 -19.86279563140124 26.539
21.060352937260177 -21.88455553073436 26.55
16.649224403197877 -24.071722039952874 26.529
29.315109601826407 -17.750457293353975 26.533
12.648067801841535 -26.113841555081308 26.519
8.436587464413606 -28.26230764668435 26.497
4.23029893822968 -30.383113553747535 26.516
0.07294021005509421 -32.461816845461726 26.524
-4.34705787373241 -34.636425853706896 26.522
-8.383441465732176 -36.61910177394748 26.513
-12.810086889017839 -38.784297132864594 26.524
-16.86122281703865 -40.81292682234198 26.512
-21.2257432815386 -43.05975984595716 26.498
-25.140651828725822 -44.82297081500292 26.534
-28.650734896422364 -45.75898934714496 26.566
-30.628792187781073 -45.22668555844575 26.454
-31.778309582732618 -43.51877597998828 26.511
-31.746283948072232 -41.89928776305169 26.463
-29.967098157503642 -40.615546928718686 26.446
-27.65119957353454 -39.44268915988505 26.456
-24.38382349355379 -37.72039833385497 26.489
-20.11563697917154 -35.48990739881992 26.548
-15.61424135894049 -33.25233877450228 26.519
-11.533352814381942 -31.22129468433559 26.533
-7.161311142379418 -29.045606708154082 26.546
-3.11018488870468 -27.016971608623862 26.557
1.160603974829428 -24.872938367538154 26.541
5.32010227709543 -22.800455210730433 26.537
9.616354418045375 -20.641561711207032 26.539
13.886926188191865 -18.506774496287107 26.533
18.074029548675753 -16.425649357028306 26.524
22.23358715942595 -14.35007181763649 26.524
26.36559905705508 -12.280041927471757 26.528
30.615398396155797 -10.154034085571766 26.532
34.74989783595083 -8.074797304347157 26.537
39.059763473575 -5.919280146248639 26.543
43.18955110339448 -3.84610440954566 26.551
47.45553439628566 -1.711193984374404 26.543
52.2458939277567 0.67728182207793 26.55
55.87420100485906 2.4994708271697164 26.543
59.74130468373187 4.677344221621752 26.539
62.44637922744732 6.896893016062677 26.561
63.194093947764486 8.237897992134094 26.495
62.46606289455667 9.893067230470479 26.517
60.80966760299634 10.908773768693209 26.493
58.83031523844693 10.573883325792849 26.481
56.4583480101428 9.547312065958977 26.45
53.49879548873287 8.098869749344885 26.436
49.25656210881425 6.003539090976119 26.486
44.769681962847244 3.79955021571368 26.528
40.69775672984542 1.7590141221880913 26.513
36.39122493722243 -0.3502873685210943 26.545
32.16517551371362 -2.436715324409306 26.547
28.09366077912273 -4.458736980333924 26.556
23.691749553370755 -6.643029440194368 26.573
19.440014703257475 -8.753558770753443 26.555
15.273050993564539 -10.853656173683703 26.542
11.143389629316516 -12.92064660973847 26.536
6.8936518367845565 -15.043558242730796 26.536
2.8305597175494768 -17.096617304719985 26.547
-1.465204812178854 -19.233914833515882 26.55
-5.719239071127959 -21.34437760990113 26.551
-9.95216555451043 -23.43062587827444 26.533
-14.269048591144383 -25.59212769009173 26.532
-18.366617387277074 -27.65365436580032 26.528
-22.58218852360733 -29.78040700685233 26.519
-26.753815218573436 -31.883461259305477 26.507
-31.007795611396432 -33.990824442356825 26.516
-35.12286421388853 -35.5118756564334 26.577
-37.79773915617261 -35.98841458186507 26.524
-39.48525059514213 -34.83310568332672 26.493
-40.306249121553265 -33.04620703496039 26.516
-39.66791686764918 -31.693481784313917 26.483
-37.58038509153994 -30.51546670962125 26.476
-35.07285371446051 -29.25435841269791 26.482
-31.30801188608166 -27.256303385831416 26.502
-26.86438940325752 -24.946455863304436 26.538
-22.638918355107307 -22.78598226699978 26.522
-18.612771462881938 -20.750619432888925 26.531
-14.397346293204464 -18.630033629015088 26.528
-10.156315739732236 -16.488421102054417 26.527
-5.934393365168944 -14.383407811634243 26.496
-1.666243085230235 -12.254747562110424 26.527
2.447297140955925 -10.193572553806007 26.537
6.713715970516205 -8.040179367177188 26.554
10.958185589290224 -5.94801018293947 26.559
15.200647658668458 -3.843448720872402 26.564
19.243314886232838 -1.7837493484839797 26.569
23.562874048831873 0.39622827526181936 26.569
27.591067895875312 2.422311909496784 26.571
31.820375067181885 4.55186908505857 26.546
36.05466490070103 6.699832856655121 26.538
40.42396571871359 8.857094067148864 26.524
44.52349977486301 10.90626459568739 26.535
48.71597937832121 13.024318857118487 26.549
52.77851307176752 15.256410547532141 26.576
55.504053954733536 17.37056641187519 26.591
56.52277124056127 18.773344746790826 26.542
55.84900832118001 20.504442118108273 26.563
54.298221279343124 21.54245419241488 26.545
52.24844229128212 21.32642874494195 26.499
49.95668358838884 20.310392745770514 26.499
47.131884155096486 18.96075163036585 26.491
42.950283751182724 16.919605643488467 26.535
38.39725223183632 14.720201314426959 26.571
34.41045292315539 12.70552137028426 26.524
30.016713429475203 10.477835275232792 26.522
25.813504668418318 8.390895421616733 26.503
21.69811699714046 6.348265899345279 26.509
17.448115311563015 4.213010004721582 26.497
13.223788511648308 2.1018655002117157 26.535
8.98293199611362 0.0682497899979353 26.535
4.656462988932617 -2.012807189486921 26.502
0.44867134850937873 -4.099628942087293 26.512
-3.6465968741104007 -6.161215469241142 26.538
-8.01834476867225 -8.324567136354744 26.558
-12.121026618522592 -10.410670364275575 26.536
-16.4215848785243 -12.658950669690967 26.521
-20.447238699998707 -14.672722849994898 26.52
-24.673663661582395 -16.77453973237425 26.51
-28.900091249262914 -18.876354116015136 26.517
-33.205350641335826 -21.028848689980805 26.541
-37.51075217872858 -23.18750975653529 26.527
-41.85860648122616 -25.10140559170395 26.552
-45.307442016142886 -26.057316209189594 26.567
-47.39207433408592 -25.590493441559374 26.527
-48.586367813521065 -23.943291140720248 26.579
-48.636287513538264 -22.41144827567041 26.512
-47.14133860182483 -21.2694219565019 26.524
-44.899217034340836 -20.12576392572373 26.49
-41.81711639172863 -18.513480788096786 26.497
-37.604509485536255 -16.315692058764398 26.548
-33.13176156103145 -14.03119583800435 26.528
-29.061529793019872 -11.965974112041295 26.509
-24.866589401557576 -9.841845693066716 26.545
-20.39219366130419 -7.585153993219137 26.546
-16.29048642597627 -5.5422391993924975 26.548
-12.195562917680945 -3.4960827194154263 26.56
-8.112060122541152 -1.449665910564363 26.543
-3.8992817765683867 0.6555547816678882 26.558
0.3869887561304495 2.777634226717055 26.562
4.458996048429981 4.821231639012694 26.552
8.78021283308044 6.973387665115297 26.545
13.053330981405452 9.120460593141615 26.541
17.273504540266003 11.250215338543057 26.54
25.677986508235335 15.439561589621007 26.561
30.122591691324487 17.693870965391397 26.565
33.97713191737421 19.618952344171703 26.552
38.20372524787672 21.730057436041534 26.533
21.432767811464146 13.313453879207373 26.542
42.49336758290883 23.901463235728443 26.513
46.54552419553511 26.180077261291444 26.542
49.01735494181048 28.188860651105642 26.565
49.736567377112806 29.58297197520733 26.508
48.904261092771776 31.274445365183055 26.552
47.267922570114024 32.16625784058124 26.53
45.25965439795982 31.86597187258303 26.492
42.806022928562015 30.7640970479697 26.492
39.7013527432573 29.263388452120125 26.493
35.54827431414742 27.27098069526255 26.553
31.045835160068236 25.085869159549475 26.558
26.807474829722196 22.959603598341346 26.531
22.777496253838763 20.95516405440867 26.532
18.509722129558213 18.841912205331028 26.527
14.17481387098087 16.690059923566878 26.527
9.908830227213912 14.555169818922877 26.541
5.942992701311596 12.558548863977194 26.515
1.6659340762998909 10.43934435211122 26.546
-2.6242018924094737 8.348212853074074 26.536
-6.7068611063295975 6.338807516731322 26.526
-10.958737831097096 4.222127549350262 26.518
-15.178994634654373 2.089305017143488 26.533
-19.46832108590752 -0.06664337497204542 26.533
-23.5750814275234 -2.13104485347867 26.533
-27.88039876736002 -4.28662698995322 26.524
-31.950347032689024 -6.339511128142476 26.52
-36.18881652469281 -8.468823886476457 26.5
-40.45641850103857 -10.572786900214851 26.498
-44.72423225414241 -12.686000996269286 26.491
-49.096539011923596 -14.77216216828674 26.521
-52.91052672662772 -16.012997837737203 26.59
-55.36339587462135 -16.06866271980107 26.45
-56.774789013375994 -14.52456642407924 26.507
-57.187720772169996 -12.879591040313244 26.472
-55.84886344301049 -11.567388414405286 26.446
-53.83214447274804 -10.489619825966656 26.451
-51.0964970078785 -9.042333572171628 26.452
-46.96320949442452 -6.916824823245406 26.509
-42.39219739177497 -4.631469221785665 26.537
-38.28792228270322 -2.576280662789941 26.54
-34.100044294958934 -0.46125665307044983 26.529
-25.74014228989836 3.7753290235996246 26.535
-29.90033248218242 1.672019051387906 26.544
-21.26291342091281 6.056644725613296 26.545
-17.341080299345776 8.026469999924302 26.533
-13.043600494973361 10.139029579237103 26.52
-8.848903513047844 12.152072065509856 26.539
-4.551289606431965 14.27080584038049 26.554
-0.4876551781781018 16.3485366133973 26.554
3.741862333670724 18.48733044229448 26.55
8.142108673462644 20.699422616511583 26.546
12.146762928343378 22.69516768027097 26.531
16.70154057216132 24.971668561920524 26.536
20.58902743802173 26.939203924499452 26.555
25.00524824426975 29.150945366360247 26.55
29.11847761250101 31.19979719351977 26.556
33.13516471651383 33.22305698040873 26.54
37.3709701448679 35.43888111226261 26.537
41.05146259767935 37.85241750348359 26.548
42.775296657462604 39.41826223023236 26.529
42.75298648927128 41.06058023311198 26.529
41.54626052669482 42.46115829329938 26.509
39.683350349310786 42.83036433067173 26.494
37.548168684123084 42.070029804483056 26.487
34.78123234416125 40.75303425639868 26.47
31.35924749705009 39.061985461972654 26.494
26.616738167533185 36.768113506026566 26.569
22.67258561955532 34.82037186715752 26.554
18.462677021161653 32.739760546945035 26.531
14.169300622306764 30.60548713710159 26.57
9.915579564869404 28.50735378358513 26.566
5.701513951760717 26.44536041840911 26.582
1.5741704216925427 24.480165969580412 26.559
-2.675897082022857 22.341837865300477 26.543
-7.039538249198813 20.132011452689767 26.537
-11.147800126112998 18.10158458352089 26.557
-15.443966659659054 15.945788755081594 26.52
-19.45126544224331 13.934688120149076 26.52
-23.841152754670475 11.67608687095344 26.539
-27.956152802391443 9.55015202704817 26.53
-32.12526588747278 7.45630347635597 26.537
-36.37016008445062 5.3456530794501305 26.512
-44.844110303674825 1.1178295006975532 26.507
-40.74205159948906 3.1761527145281434 26.513
-49.0446471987525 -0.9506103210151196 26.539
-53.54533741710475 -3.1573117803782225 26.549
-57.67146141565172 -5.0669502299278975 26.567
-61.323498785845004 -6.21885778196156 26.625
-63.611175056314096 -6.244305869564414 26.506
-65.02685274463147 -4.687766379676759 26.546
-65.41293578204932 -3.0680861389264464 26.53
-64.1363645256497 -1.782252379693091 26.496
-62.13875263900263 -0.741087818518281 26.495
-59.22995112836361 0.7856068396940827 26.486
-55.075277133029886 2.947660724632442 26.518
-50.63478470023256 5.220530001446605 26.54
-46.54358700069133 7.3037841925397515 26.513
-42.30643101327587 9.476325747556984 26.533
-38.06955656129867 11.636531642638147 26.543
-33.9448786850553 13.685088975355029 26.524
-29.70614409574773 15.826740961521864 26.528
-25.45557578187436 17.986644707620144 26.53
-21.217055660963524 20.119048096239567 26.529
-17.101243828306906 22.18015972338617 26.54
-12.849375596037135 24.29683575965464 26.542
-8.62048579310067 26.407861205749214 26.54
-4.356925918953493 28.53662248328328 26.548
-0.2942751875380054 30.571169584989548 26.555
3.930457627517171 32.700812900438905 26.554
8.136570276808925 34.81544872652739 26.555
12.3059330903925 36.92165883164853 26.562
16.5515590980649 39.06626801285893 26.56
20.739185747341253 41.172070330008864 26.561
25.159825739334337 43.37753941491246 26.559
29.37284569966141 45.49511751905084 26.569
33.15613792149816 47.70572995021939 26.601
35.51786360726692 49.6953927045688 26.587
36.06207346136216 51.13048903364688 26.519
35.09608431358356 52.87127577699721 26.524
33.3107437393046 53.63992674648762 26.504
31.194073865306564 53.09211820550263 26.5
28.9151178355678 52.0356807038188 26.471
25.556258006196003 50.40801746305078 26.471
21.12033381796209 48.233754768036306 26.543
16.77153319795616 46.07295718137175 26.518
12.75948495452758 44.052688212133944 26.502
8.50777622370515 41.94216612074524 26.532
4.19107778405305 39.786823000758886 26.545
-0.15780335915042087 37.622951169498265 26.543
-8.437566432869062 33.49254085402936 26.538
-4.18785198032856 35.61544263456017 26.56
-12.69441323587671 31.35745822172612 26.54
-16.793954179272987 29.308321125805378 26.534
-20.92069217178505 27.26905921753496 26.534
-25.44786908419337 25.0012170067057 26.547
-29.51094920129981 22.94817702844739 26.548
-33.8583350306144 20.75034411996603 26.53
-37.89331949991174 18.72753507923335 26.539
-42.14132913283538 16.579925382509828 26.551
-46.41674517339561 14.432937513105571 26.541
-50.81480037403526 12.217743051238358 26.531
-54.702247513632756 10.25333130452782 26.514
-59.01469784718938 8.085584949702024 26.506
-63.24506214977009 6.011655538342893 26.542
-66.77823833824368 4.2552714087069035 26.544
-69.02818329783622 3.0685917250812054 26.533
-70.42388989357278 2.374900351278484 26.565
-71.25313127203844 1.9770174184814095 26.584
-71.53569313581102 1.9093372579663992 26.577
-71.67311318498105 1.9957685573026538 26.585
-71.7261948257219 1.9722794024273753 26.585
-31.67719010595465 21.926244812086225 26.565
-31.424751571263187 21.87424862291664 26.586
-30.53572212427389 22.28930173907429 26.609
-28.110630543436855 23.54301619902253 26.643
-24.719478276616428 25.28411149047315 26.656
-20.342620118055493 27.47202552203089 26.663
-16.166392734274268 29.57806413527578 26.608
-11.953072205767967 31.707955970428884 26.606
-7.709857982234098 33.84643316362053 26.593
-3.2496152515523136 36.084937426261604 26.579
0.632607675390318 38.02171944454312 26.598
4.9240490277297795 40.171458843164146 26.594
8.984406630741432 42.20606272108853 26.596
13.208239582425449 44.397453881800175 26.607
17.44915428000968 46.53599759563804 26.637
21.72986353916349 48.716850456781685 26.661
26.03762521711178 50.881664134562016 26.673
30.35451866016956 53.046274073421955 26.672
34.49541497754399 55.10684788879007 26.649
38.73112194763962 57.21774650365114 26.642
42.90025273128413 59.314720729365945 26.631
47.01830512826564 61.37581759784371 26.618
51.242586139938794 63.486981517635286 26.612
55.50409916683566 65.62816815171391 26.61
59.496196226915345 67.67668616399169 26.614
63.826212720479816 69.81633052043617 26.602
68.12880786845926 71.85475486610085 26.623
72.0412679950241 73.10886018816382 26.579
74.12209617794724 73.28407000377774 26.566
75.58252875681501 71.9888684656471 26.545
76.11150176636875 70.11908116284758 26.517
75.01056980888825 68.61631517577916 26.534
73.18357466731686 67.54039912484586 26.516
70.38777408166789 66.05739179439843 26.499
66.5973504295107 64.13701618462801 26.541
62.0430332563119 61.87899097241461 26.585
57.84941733733285 59.81033370830119 26.564
53.47232698334847 57.61003354284912 26.555
49.51254157820949 55.576219433918595 26.553
45.000417528208345 53.26478786859661 26.535
41.12942543684039 51.318470142781734 26.537
36.89038709690794 49.161353449337184 26.508
32.603877518791705 47.02691431809217 26.542
28.319788221968338 44.89859525766224 26.528
24.153206679504365 42.81391603127122 26.513
19.75243770418456 40.678979359567165 26.528
15.92600479722023 38.784132353030145 26.539
11.700234294170514 36.60821380466223 26.521
7.209752403781749 34.345694463700056 26.537
3.1397674734471366 32.28970607370138 26.526
-0.9720222877222113 30.20380326267332 26.547
-5.312821751635056 27.993459950201213 26.534
-13.64160102524329 23.817870838567615 26.502
-9.553615570883267 25.861098729074 26.505
-17.902743754908442 21.695232583209872 26.52
-21.985014878504444 19.500660449266434 26.544
-24.691072650137357 17.33980168402195 26.53
-25.568692669039592 16.014085168018937 26.501
-24.797014762531035 14.370263890363276 26.516
-22.954627614526544 13.294783594086766 26.499
-20.773072182782926 13.57879033498466 26.49
-18.28780121775344 14.664498089812696 26.493
-15.067325945943594 16.23354591894895 26.505
-10.729984475765377 18.39149776753038 26.521
-6.480121020344086 20.520567453466356 26.521
-2.3825136257801205 22.585184949450195 26.566
1.8639459338737652 24.664958502165973 26.584
5.997738060890697 26.713332598097622 26.605
10.275761204771698 28.875723118893802 26.614
14.792201580828987 31.174691521562636 26.608
18.712895049829967 33.09518379718065 26.57
23.085375294438563 35.29248140659183 26.607
27.13514776172815 37.36436821799725 26.56
31.330025203409605 39.38668782543391 26.561
35.66892394912429 41.51377081125975 26.584
39.895712957018986 43.63413025531918 26.627
43.933012095163576 45.66001633927226 26.61
48.29855547926854 47.85439956467599 26.599
52.327063394594006 49.895919415168464 26.61
56.61619659513235 52.04574160464108 26.614
60.88719736493658 54.20214804727584 26.622
65.0124460166553 56.2785234535113 26.623
69.22607212606817 58.42388602066785 26.634
73.33698698098306 60.4728147694841 26.649
77.59053870220669 62.16053534857929 26.638
80.41014039586298 62.67396766226739 26.594
82.1402283970383 61.68437618482858 26.595
82.25799726427067 58.29933373257518 26.573
80.43271221243776 57.09684635605663 26.562
82.90795505233109 59.864748295396566 26.584
77.94287576340139 55.80752433463931 26.514
65.77820331184193 49.61682155262679 26.539
61.4827781735803 47.49182483833283 26.546
57.09225850144867 45.30416988302022 26.556
74.44753976591164 54.00392537005246 26.523
53.022365517681465 43.2512374650687 26.559
69.90559728944208 51.6869792137295 26.572
48.95198239793535 41.176715563982725 26.539
44.799525303184055 39.11022191401571 26.518
40.441174702427816 36.9311087038368 26.492
36.00613754510414 34.69509403873235 26.505
32.019766510580666 32.69892294239253 26.509
27.957684728724416 30.689033647067845 26.486
23.511708919890225 28.474876455962658 26.494
19.458129511447623 26.43702475912869 26.494
15.187725465511903 24.30840385891497 26.489
10.920090157771483 22.201325721107423 26.471
6.8324576512677595 20.1735086645931 26.46
2.490904369042255 18.03107196651399 26.474
-1.74518599989824 15.904771835543215 26.47
-6.014295387722086 13.732928402721882 26.479
-10.077445237198845 11.676792574115098 26.498
-14.155725833727047 9.355594743043184 26.565
-16.681360483868048 7.292498129419982 26.565
-17.35658827755833 5.823332264088094 26.53
-16.299992712331004 4.250227315351367 26.535
-14.361795307020657 3.370096213184297 26.531
-12.09931773977587 3.797324919141829 26.512
-9.642199070658535 4.951566508971155 26.516
-6.38926275447011 6.541487836278975 26.53
-2.0133752323454246 8.686229863204062 26.529
2.3893717656610534 10.907520624808967 26.533
6.607055158936419 13.028066947124898 26.542
10.672203765367158 15.071822580881417 26.555
14.901091134408489 17.18286221474409 26.559
19.041803924541455 19.234173810109496 26.568
23.53194257861469 21.481278156861663 26.589
27.615628818282858 23.53696891106665 26.598
31.87121253501391 25.61655413825065 26.597
35.982297401409596 27.67163067124784 26.616
40.251175234734546 29.834245638921857 26.631
44.514577375608496 31.95686725433916 26.614
48.663377063465305 34.06356304511428 26.647
52.887325126095675 36.15930558834225 26.642
57.08981224097079 38.21541574597359 26.632
61.26884871034417 40.346124718897045 26.638
65.46221128402976 42.50428758561611 26.605
73.86052551137982 46.62593349535018 26.593
69.68337764131138 44.578499825671315 26.588
78.1816938414704 48.77813137695193 26.6
82.3387565407902 50.74578442797065 26.602
85.94796042388771 51.82466499879956 26.553
87.94364357693121 51.770343166776 26.537
89.40250668296358 50.10176035016775 26.526
89.5526961433352 48.354713663458824 26.51
88.19290761556476 47.02444088552147 26.542
86.12245133297984 45.892296416684985 26.501
83.14082053059246 44.27460468187928 26.518
78.82109898084309 42.0853376230225 26.582
74.6164071817766 40.032350710593164 26.604
70.39170231978642 37.90266526211053 26.573
66.22270760685205 35.811843638308346 26.59
61.982221008394845 33.69177779182792 26.59
57.959876705368515 31.721093581989408 26.568
53.572814198210835 29.585826255381107 26.522
49.350240502739325 27.449932577088475 26.561
45.14274392527295 25.273581282235682 26.538
41.049093732843176 23.1810722341761 26.502
36.7665104130283 21.018766188062727 26.496
32.495830280706286 18.877796590328217 26.498
28.24348625296261 16.739501412026584 26.502
24.200762590044178 14.676712582819164 26.482
20.02246538712643 12.57995515409857 26.502
15.731848976574838 10.467220743186772 26.508
11.304195333679672 8.255742784589529 26.478
7.2125452677719295 6.252704854123294 26.498
2.8122361581772566 4.139370030723512 26.521
-1.1837845188565552 2.1218318482860923 26.517
-5.320396728347987 -0.15176159795373678 26.557
-7.99495679885149 -2.233099461533129 26.577
-8.89354672015179 -3.5768609112128615 26.479
-8.105458789737895 -5.202534047886729 26.51
-6.333787344978191 -6.273325692862272 26.474
-4.106709290877916 -6.098356111906469 26.472
-1.66192898072768 -5.085794266313314 26.465
1.6301803002133965 -3.4813235299661756 26.485
5.803507423843257 -1.402980837970972 26.489
10.191859105601907 0.787779038771987 26.49
14.265729920007288 2.8128232760354877 26.499
18.47835901309736 4.911888158880174 26.492
22.7311313317623 7.068684876896441 26.537
27.193384759593755 9.294818952679634 26.549
31.29478843335528 11.325422963127494 26.559
35.401383982389234 13.38368705008179 26.555
39.85677815519739 15.609983773902059 26.573
43.99042385019129 17.65221111383289 26.58
48.12192274472909 19.700661507435143 26.596
52.32353062060429 21.818511481396854 26.605
56.552609198435675 23.938829565420747 26.606
60.63814904371975 25.97598052583635 26.608
65.16280200483743 28.23467578087002 26.616
69.32052255666349 30.331923816353083 26.608
73.44820498884656 32.414421962574124 26.608
77.66620042989962 34.55043310020119 26.617
81.8819095758954 36.68649829085916 26.605
86.19982237572549 38.795569172129035 26.575
90.25284160289448 40.506342722103 26.571
93.43717971770093 41.28620923683047 26.519
95.20977712236345 40.863506810739636 26.527
96.30567124451045 39.107451647520065 26.497
96.15623396320734 37.447409527376294 26.487
94.55763821635628 36.165733153000474 26.528
92.2505578828277 34.87536545470357 26.495
89.18568328255787 33.31510070152581 26.487
84.76913910033181 31.087896516546607 26.561
80.35356715397211 28.9038786618039 26.546
76.2593733490794 26.78667293675244 26.539
72.00344157544896 24.58979680109769 26.567
67.5525618114043 22.360292258672416 26.541
63.626056160603184 20.384354135021567 26.5
59.480233861133456 18.30844324734062 26.528
55.226799220137764 16.222620642744005 26.532
51.11107713257661 14.164551386609674 26.519
47.021029953379184 12.130593481473625 26.528
42.755542345694266 10.017275302670896 26.528
38.48471840523416 7.8701328579336405 26.501
34.223444373346865 5.741293891333044 26.51
29.999890460981987 3.664069357328117 26.511
25.695430860039778 1.54546919465065 26.497
21.64023449085653 -0.5633285799995065 26.494
17.411880652303807 -2.751537637785077 26.501
13.210246903530788 -4.869367189705372 26.511
9.050970520067494 -6.932601125910878 26.508
4.822276188409887 -9.034383947961032 26.511
1.3022294759284705 -11.42375267483294 26.58
-0.3297225582646206 -12.96697501745075 26.497
-0.05100918305106461 -14.485469355247915 26.443
1.3514863826567307 -15.918252329342067 26.476
3.4754601584281772 -16.160662778653204 26.453
5.909140923118684 -15.336100570857525 26.45
8.710916976444423 -13.995213356800377 26.479
12.472392460447736 -12.145193273201585 26.486
17.103249144391157 -9.839548660442233 26.468
21.242320124641992 -7.760422956198454 26.483
25.348790392570663 -5.7083335518836975 26.507
29.56162979954388 -3.6000083247199655 26.533
33.82726916426327 -1.4805288389325142 26.536
37.93408016272588 0.5869905110448599 26.547
42.209545541438274 2.7371141025796533 26.56
46.55442323477473 4.925791961140931 26.57
50.63368339941371 6.987768457271159 26.565
54.841939748381265 9.096211734227836 26.566
59.06818397087045 11.191906722262502 26.575
63.133107756963 13.226438908837736 26.593
67.34953076799866 15.393341142684221 26.596
71.67784948193002 17.55771892424673 26.593
75.93591486191144 19.646532816812396 26.598
80.0717606297112 21.685645090416074 26.596
84.31245717132697 23.814975569024682 26.593
88.53197146300226 25.91701176110655 26.594
92.725666651153 27.988772209733725 26.59
96.8590499938 29.81809371523559 26.555
100.11322433460737 30.655022830702364 26.524
101.95047764969058 30.36356540862471 26.548
103.0856991566252 28.73006817791611 26.539
103.04509739892092 26.931779648177326 26.53
101.63494296895806 25.6983109600842 26.556
99.40032499103108 24.480371518991888 26.534
96.31571608124068 22.85574066452682 26.531
92.25945534801576 20.79939146991819 26.592
87.8127993971575 18.55434828158468 26.611
83.71112444764003 16.409531920216978 26.555
79.52848955639638 14.322096117772162 26.574
74.85525694186799 12.060574377886951 26.554
71.08412040106487 10.186051323078573 26.524
66.46865469648037 7.852249753661454 26.522
62.71086705569178 5.961998971179128 26.53
58.446689417993184 3.8054360691457987 26.494
54.33988691511331 1.7379048485308886 26.508
50.05923076457111 -0.43988382164388895 26.513
45.774004570557736 -2.6175667755305767 26.516
41.52442373218946 -4.734329999424517 26.523
37.24154539802112 -6.908974876627326 26.5
33.15749675297411 -8.980094285681844 26.503
29.01898637175327 -11.03455063700676 26.488
24.6839941200451 -13.189494303427637 26.487
20.38264251954388 -15.27112852782011 26.504
16.335277269827202 -17.2350531257689 26.493
12.190098962862976 -19.381932844407856 26.54
9.14984232117422 -21.67104416526854 26.61
7.911112499132287 -23.10279317945242 26.491
8.548973323428072 -24.70346743799746 26.493
10.162437028135173 -25.90029730927199 26.475
12.509841714752838 -25.860743468627334 26.464
14.915107092587277 -24.878144135698676 26.468
17.88756344805006 -23.36520020570606 26.494
21.968505384167656 -21.33105236105621 26.507
26.37588357378263 -19.20860638655722 26.484
30.673155956843402 -17.10527349729091 26.495
34.779280113696586 -15.068601210601628 26.501
38.98450450820383 -12.994045472703874 26.504
43.24059364554705 -10.89286111947149 26.518
47.384293641895056 -8.8107387162745 26.536
51.61311308311997 -6.702761356718838 26.564
55.84407421282958 -4.6010021567344666 26.577
60.020852125715464 -2.4702417962253094 26.577
64.29416750895325 -0.313884150236845 26.574
68.4124558235053 1.756479563191533 26.583
76.83920921816025 6.022536302916706 26.605
81.08974710421171 8.182504210621119 26.605
85.35072539164685 10.299033217132092 26.62
72.6344111818471 3.8646240700036287 26.608
89.56975967227481 12.379478403367102 26.642
93.6723256384139 14.462555788457394 26.636
97.92735049675684 16.619346035644412 26.61
102.13541711459402 18.51796529535204 26.583
105.21942260931246 19.306275131180882 26.525
106.69856838823762 19.547543935477734 26.536
107.17476970114512 18.27457144204527 26.536
106.8302214742871 16.372045130468905 26.508
105.37506881949957 14.056365141645074 26.52
102.42429790238384 11.984309127554297 26.577
99.25794620625675 10.2812833590433 26.522
95.1067267281469 8.168440061621368 26.587
90.73245891061379 5.9927409160882235 26.581
86.4881471034023 3.8048516046255827 26.549
82.30618751118891 1.646417940966785 26.554
78.28008535975823 -0.3890020651742816 26.54
74.04151697171619 -2.5245499005541205 26.527
69.59194475010736 -4.695449783466756 26.533
65.41614398069214 -6.783032225444913 26.519
61.34768730943324 -8.77119468525052 26.514
57.112367252935655 -10.863600456155837 26.505
52.88555220235139 -12.983970906585455 26.5
48.6545851972769 -15.085728446952999 26.497
44.473855917865876 -17.18861821386963 26.49
40.15394509740872 -19.384031558409333 26.519
36.11931020114571 -21.391460618004203 26.496
31.742232956457883 -23.588663887232542 26.51
23.335356384981424 -27.781051316298544 26.535
19.694159021019004 -29.56589993275702 26.56
17.290169444691855 -30.795419121161103 26.526
15.755355914821848 -31.578568685799837 26.506
27.61250001814915 -25.65874864719808 26.532
14.865417040069588 -32.033726836554706 26.489
14.55813687981572 -32.18417726736516 26.494
14.472542462986894 -32.12977967783809 26.463
14.394480022718199 -32.14653292763978 26.466
14.370876959641464 -32.17994701489806 26.467
-45.24733094929252 -45.23581331316382 26.521
-45.243304617120884 -45.158751350827515 26.506
-45.72335105203092 -44.25910085067153 26.463
-46.85770183103159 -42.08244137465954 26.49
-48.57763671968132 -38.62106720265001 26.504
-49.81791769224219 -34.66132291406393 26.668
-50.12113652669359 -32.407776166684926 26.539
-48.707421096158214 -31.220708589069545 26.551
-46.87192079401575 -30.882596883922815 26.567
-45.281529828731436 -31.7857372937724 26.576
-44.003502444480546 -33.873059961013496 26.589
-42.61761471780483 -36.54609615821391 26.589
-40.68077957583591 -40.317895989865065 26.571
-38.395912550215144 -44.866003297269344 26.531
-36.235844088718295 -49.17365846782923 26.531
-31.99800071993377 -57.48775331489742 26.539
-29.746597682707943 -61.49503031838685 26.542
-34.178365341736935 -53.26913856063038 26.539
-27.230843931785785 -65.53296865709126 26.536
-24.438590999227017 -69.36729758698493 26.55
-21.61016547610052 -72.91543362196535 26.566
-18.659694168134592 -76.21943654026836 26.518
-16.39524751668796 -77.93093182891607 26.567
-14.990456458181143 -78.0490833427757 26.56
-15.550726390327327 -76.35140441078693 26.562
-16.550859711889643 -74.30122794210911 26.523
-15.325379879155662 -78.81613147258759 26.547
-18.226956985192373 -70.92109211161733 26.547
-20.420655478723347 -66.48306674975902 26.592
-22.486219462705776 -62.239275061525404 26.574
-24.632406075892504 -58.02452206145972 26.542
-26.764051576028578 -53.77306340076029 26.548
-28.808808542555198 -49.721078833565116 26.558
-30.97864361741813 -45.440980568528175 26.564
-33.21421413193457 -41.1377932112664 26.595
-35.27785981755005 -37.113154525868595 26.574
-37.329284839564934 -32.85116015188396 26.573
-38.61602729628794 -29.026157351210713 26.612
-38.85609030572232 -26.90982762631029 26.51
-37.49392618087586 -25.678387308493257 26.542
-35.6630650194129 -25.343254037201405 26.497
-34.05360140581615 -26.413473257794976 26.512
-32.814168428769335 -28.38882140442729 26.528
-31.28360387624707 -31.23177485819906 26.548
-29.271908047434408 -35.1287076594308 26.547
-26.962735441164114 -39.61255172919482 26.514
-24.86247595655732 -43.634928869083524 26.539
-22.698931285121944 -47.890194015577435 26.554
-20.5574864007649 -52.31469544861466 26.512
-18.470433103328105 -56.31516898795962 26.567
-16.29779894882813 -60.47188128717244 26.53
-14.24618030001875 -64.5240166336298 26.55
-12.117992039246019 -68.82785673998296 26.552
-10.080558081506751 -72.90127290040255 26.559
-7.948129409225658 -77.11879594065249 26.558
-5.775567519129254 -81.38043053727597 26.57
-3.6434121017809957 -85.61029023956507 26.568
-1.3676988069782965 -89.65513927675784 26.559
0.6913069793954492 -92.16746373195201 26.533
2.229627533117309 -92.94905730895698 26.567
4.019391365989577 -92.20870313514024 26.539
4.976382756838575 -90.50518348067999 26.533
4.582235705340281 -88.53350889123976 26.538
3.526567595137749 -86.21050283126533 26.514
1.9895207775989547 -83.04645596630871 26.507
-0.1343923300737515 -78.75506196450442 26.603
-2.366230404470116 -74.28532019816339 26.56
-4.501765262102708 -70.00292032770813 26.551
-6.65896538796369 -65.76940803229809 26.567
-8.748435429064557 -61.67321432288736 26.555
-10.781036443426274 -57.68940494582057 26.548
-12.893182450789027 -53.484683255665004 26.529
-14.971349584520794 -49.293072973378 26.503
-19.216164829733316 -40.781320036388934 26.492
-17.061543380317744 -45.02712335716933 26.5
-21.309837991197128 -36.669596100226045 26.499
-23.414352894877084 -32.43109557963908 26.473
-25.474290742189623 -28.141137529164553 26.503
-26.914236117503606 -24.22009181138128 26.6
-26.55555001780158 -20.277965867891908 26.511
-27.50405402877368 -21.70700860209763 26.543
-24.574949689616915 -19.58513753209263 26.502
-22.945093012880534 -20.359547675587237 26.498
-21.654442033730447 -22.29284541774541 26.508
-20.293094915221445 -24.838791593909264 26.525
-18.31432585173752 -28.676340845413506 26.531
-16.18137616571039 -32.97103234939277 26.515
-14.036169081460685 -37.22896657977253 26.515
-11.890401688753627 -41.46222370862961 26.521
-9.865215200814418 -45.470555203966796 26.537
-7.742139703477733 -49.69712582137436 26.545
-5.531269028317183 -54.08307117037475 26.546
-3.499363174312748 -58.097724413499236 26.549
-1.3427213844843209 -62.355912134982646 26.562
0.770324424142018 -66.62237245962024 26.545
2.896254704275634 -70.8243146110326 26.553
4.933295665308833 -74.8143918812275 26.587
7.183145004324615 -79.19504057336599 26.578
9.319991816359106 -83.11639028415084 26.567
11.47930995351635 -85.84083354659379 26.528
12.940929171571042 -86.78117014374584 26.548
14.773228132748045 -86.180649462156 26.53
15.987907225848176 -84.60022200830281 26.515
14.839028269285336 -80.435786658898 26.531
13.368869663740043 -77.44607598986477 26.525
11.310395848355256 -73.29195310920477 26.595
9.079110088059679 -68.79753877781332 26.592
7.0263618774479255 -64.79476339463145 26.527
4.888316094409674 -60.623409951105714 26.557
2.7697966731502675 -56.39694672636688 26.571
0.6180703032878228 -52.123440727591515 26.563
15.757849421352148 -82.54584362357855 26.555
-1.4418509931419976 -48.03408892080188 26.56
-3.5654871367732994 -43.8321966426447 26.57
-5.726758076285478 -39.57698927819729 26.566
-8.006604844587855 -35.109246062114835 26.56
-10.080147728440352 -31.016497211530805 26.526
-12.092812138376758 -27.06091226451099 26.524
-14.233658576500602 -22.812335340306163 26.536
-15.772330968175083 -18.71006662864238 26.614
-16.36759302491555 -16.033297264017165 26.566
-15.356281162647065 -14.756892044097185 26.506
-12.876400188135449 -14.112374995835125 26.51
-11.771349297836423 -14.754566304385662 26.504
-10.457163028186187 -16.657532478682697 26.504
-8.98138406232465 -19.39740107860416 26.52
-7.006620488304179 -23.210167492739856 26.522
-4.879610940464772 -27.46460159122944 26.494
-2.8523505786433816 -31.482236358337104 26.502
1.4054290421772748 -39.92637709528208 26.518
3.517300009028986 -44.14343259297311 26.527
5.666881003067829 -48.41071708872914 26.528
7.826017535524443 -52.65969993080944 26.546
-0.7177181412698701 -35.70289381220937 26.507
9.953812669962645 -56.88019886799157 26.552
11.962682418175973 -60.90358506143093 26.543
14.112762105709407 -65.14927477296442 26.544
16.266854467452504 -69.41974324081093 26.558
18.43472132529132 -73.68743592407554 26.561
20.765475499036256 -77.62242053635418 26.536
22.71496969263535 -79.92549476400018 26.516
24.21497056388762 -80.58277327474207 26.538
25.967021062620915 -79.79218398127705 26.517
26.936120572849177 -78.05807396769524 26.524
26.523559616704006 -76.09215714223683 26.548
25.535699937085155 -73.8015474639833 26.532
24.06914597377181 -70.75328438077122 26.504
21.847893604659475 -66.21898160036653 26.613
19.760443460778333 -61.931503649801016 26.559
17.587803614791483 -57.6729616811499 26.556
15.519556490937248 -53.648235864937305 26.545
13.359509196365252 -49.43935459945351 26.542
11.267470902297646 -45.355453551746905 26.549
9.057204373704735 -41.04359429422766 26.554
6.947127089253627 -36.84818391036242 26.507
4.837888710957486 -32.6157582802698 26.479
2.7553440812043846 -28.51663795951754 26.507
0.7054700820008293 -24.387393799610436 26.478
-1.4287411114783026 -20.148229382932186 26.469
-3.5254354762728326 -15.866706127300858 26.536
-4.714359890203923 -12.161192686297 26.6
-5.01445039617829 -10.173125265166163 26.508
-3.7137986986199394 -8.832274902611971 26.516
-1.8262547708582133 -8.41508851479739 26.504
-0.24121372296940535 -9.45388696435839 26.521
0.9973889160901308 -11.466243494302034 26.535
2.465901937626768 -14.224462082609534 26.547
4.418878683354706 -17.99044109415263 26.538
6.641024226788431 -22.382809904403985 26.531
8.800779291195795 -26.604031924158335 26.531
10.871699395240285 -30.71214605309069 26.534
12.999767399276607 -34.92030615732074 26.547
15.156550175277516 -39.17231976427138 26.557
17.206383556476794 -43.202802281826735 26.556
19.350096879410557 -47.42674399167299 26.559
21.49290714750532 -51.690784002654254 26.571
23.534991506428923 -55.76120868511498 26.591
25.692399354535155 -60.08729916624725 26.581
27.833073524641804 -64.34511626884341 26.595
29.927341748960316 -68.43214794527739 26.578
32.27460463938769 -72.14221492409706 26.538
34.07668399566319 -74.09322502743453 26.454
35.67129801365081 -74.20330944377929 26.529
37.442651970137376 -72.96258044056594 26.472
37.88622491812566 -71.22894361056387 26.488
37.19438794464804 -69.08389709796757 26.533
35.979792456142604 -66.51350340992212 26.527
34.204824563115835 -62.856483737938106 26.495
31.988886863051448 -58.390198927372694 26.628
29.799016791395843 -54.08498010598123 26.569
27.796641886234283 -50.07717669568956 26.565
25.726123558997642 -45.95056087616831 26.563
23.523604891030118 -41.59876214899123 26.592
21.427955955266953 -37.57341892365366 26.597
19.324862954730634 -33.37199810612947 26.562
17.223444945993833 -29.096547530964017 26.515
15.183935475652106 -25.01383394561708 26.528
13.066467568045482 -20.74110535439104 26.529
10.923742865852546 -16.473977621644735 26.507
8.788118810392916 -12.398348747752607 26.544
7.057400249992497 -8.30100533273071 26.553
6.346757745544892 -5.269814256578684 26.562
6.891689962358214 -3.7020331053063273 26.499
8.72304042725591 -2.8391735861077905 26.483
10.50650594139006 -3.2868316378444433 26.487
11.850468675023876 -5.085538158193231 26.483
13.168589746463113 -7.522486839443445 26.515
14.93160248384811 -10.89840672723949 26.539
17.196096082159784 -15.33802042901516 26.506
19.3203616051469 -19.51214557979256 26.522
21.450087225064635 -23.74811560474336 26.522
23.552969124051742 -27.958789515309036 26.536
25.667899078456685 -32.141959734261036 26.545
27.73592000338249 -36.27777781151235 26.552
29.87320416874718 -40.48305420950055 26.556
32.021561003115494 -44.70401048287749 26.558
34.154004618059844 -48.921520384028554 26.57
36.28561491437722 -53.17604404874146 26.568
38.35898279771209 -57.27803170308471 26.571
40.46556323883124 -61.42706048581749 26.583
42.83286355738528 -65.36286285053939 26.55
44.70792092377087 -67.52228822931647 26.525
46.28336692915764 -68.07633807789534 26.541
48.11861428193515 -67.14257507491857 26.516
48.8773304837523 -65.41605524625629 26.498
48.363044358964544 -63.40155072044581 26.565
47.346049422980286 -61.085597386583686 26.524
45.709429277689196 -57.7773504704237 26.51
43.51658620184753 -53.401088536717 26.577
41.41153946577106 -49.18420066963881 26.546
38.590810808644164 -43.57473924662918 26.518
37.17910516995471 -40.72831513453275 26.538
35.08048398932442 -36.6319285640493 26.552
32.87885320710484 -32.341875245794654 26.56
30.840154237812385 -28.323993508704007 26.543
28.59813555004075 -23.900323222391307 26.536
26.409952089656144 -19.52107373997569 26.536
24.49289032019442 -15.681845974177122 26.542
22.316602604696527 -11.383102645166218 26.579
20.19795063958736 -7.162813367322087 26.588
18.400111196562648 -3.0022344142198563 26.592
17.567556988913566 0.19527351390570402 26.564
17.959203276666813 1.7541736708953977 26.502
19.80358745966805 2.789564087986946 26.473
21.68644913251046 2.4939693631604314 26.469
23.058320637210272 0.8180793039500713 26.471
24.302075055078603 -1.4721397822722793 26.507
25.958402566378936 -4.716029904782772 26.531
28.142082814360037 -9.092092046514153 26.519
30.330193917965516 -13.474425653927028 26.509
32.39988335920498 -17.536213510669768 26.524
34.53003405826166 -21.753672102466226 26.55
36.64177889563143 -25.976886383257806 26.563
38.76937269966584 -30.206630079075694 26.563
40.83215194672812 -34.27134486660361 26.575
42.97296539694071 -38.522988370619714 26.581
45.12900089775212 -42.80892213713378 26.594
47.261381902266294 -47.029512386769056 26.603
49.318489681580104 -51.143473827280104 26.606
51.487763021315914 -55.349465114064515 26.597
53.86455003533047 -59.270047249272466 26.594
55.73061354865786 -61.42309425305575 26.513
57.384082169563044 -61.759789478965104 26.541
59.128676236083265 -60.793115261010826 26.557
59.82311324891634 -58.978731490671635 26.532
59.22995635960251 -56.814313128590584 26.554
58.06938194204122 -54.38093261606991 26.525
56.4339973826427 -51.11900799162686 26.518
54.21777143399231 -46.66506861243397 26.591
52.04014647490112 -42.323100332170725 26.547
49.988304073223844 -38.17839734163135 26.525
47.87316414376255 -33.90264710970223 26.537
45.76470789528685 -29.83690294343978 26.539
43.58000332501251 -25.70771350711584 26.494
41.43615941883763 -21.388106911443174 26.514
39.26074975420488 -17.15111166983843 26.476
37.07754752319306 -12.753461517393589 26.517
34.98641399375629 -8.629468375816941 26.55
32.79647471057251 -4.429175849072635 26.498
30.829398649279028 -0.47771977074444294 26.504
29.241875071427785 3.7892057672142982 26.589
28.686155608505942 6.295341005548835 26.557
29.54377067578025 7.646204683929682 26.503
31.598408977501094 8.380581551231444 26.52
33.18323422729736 7.736818532459438 26.544
34.462507354910485 6.007472280412912 26.534
35.759941575000994 3.564823136664927 26.566
37.65696920861956 -0.04866259451955557 26.569
39.90430294245016 -4.540344863198698 26.523
41.980915404390544 -8.599200054071844 26.527
44.194154961267486 -12.982096464373171 26.535
46.190302909584716 -16.961979804560542 26.522
48.23513035016367 -21.21454011555761 26.543
50.38129252730869 -25.330513110384345 26.587
52.52787536161486 -29.427978093735874 26.569
54.64240476896521 -33.629646299406886 26.554
56.966152026259806 -38.178597590886056 26.552
59.02141184487846 -42.17215582635254 26.549
61.2119918030221 -46.446519740857184 26.555
63.27597346302355 -50.458790089935064 26.561
65.62390377011616 -53.93740179389715 26.512
67.26955860073213 -55.63180918060243 26.558
69.15852760983398 -55.4553524274379 26.567
70.65404985414352 -54.084941955283284 26.554
70.74622297176393 -52.22918182332069 26.564
69.8997161964071 -50.05287107825279 26.552
68.66589827951975 -47.32157132215798 26.476
66.67184219206683 -43.55159878637642 26.583
64.38870499079349 -39.025171076878905 26.591
62.363061134237796 -35.0353694492951 26.508
60.202729394542985 -30.736999860033393 26.518
58.0701526433113 -26.423825681209564 26.513
55.876074569358025 -22.00124765187502 26.5
53.85612301819492 -17.962193654850125 26.525
51.72472358145751 -13.698421505279839 26.533
49.70622478565201 -9.696432215161622 26.54
47.56811909627868 -5.426334789022803 26.534
45.535033178981394 -1.3622922133654356 26.53
43.33328490995336 3.023430570960045 26.505
41.440466445172206 7.025670289993286 26.553
40.32301297667436 10.760422096587718 26.605
40.21132333826972 12.593011970631778 26.531
41.916569248365704 13.841406574472785 26.514
43.80461488093715 13.977756935171783 26.542
45.35338993149344 12.44600935280323 26.543
46.512754741241224 10.36447027605027 26.553
48.17484072386287 7.172919644974172 26.548
50.212074592360295 3.090267349034548 26.529
52.36316882434767 -1.3128257291391492 26.524
54.44752857112326 -5.433574218302965 26.529
56.525388284702785 -9.538744556717575 26.536
58.663779403374065 -13.7965008597821 26.535
60.83151246322086 -18.07034957781434 26.545
62.89402149291709 -22.147395840846002 26.567
65.03034613560885 -26.395844703540206 26.573
67.1911668375833 -30.67262098286301 26.581
69.25741518195719 -34.78678274154663 26.588
71.438167411834 -39.091782530769706 26.591
73.50996352662332 -43.1628623874858 26.589
75.74568821431603 -46.85496489237994 26.547
77.68634927592939 -49.04363769106567 26.545
79.31337205355521 -49.43836684059352 26.545
81.09949850011617 -48.35226675309241 26.526
81.72545887669548 -46.73693236429244 26.518
81.15166549081914 -44.62541730329394 26.554
80.02506224857643 -42.20515221823007 26.516
78.44005075818859 -38.938198275864124 26.505
76.27564314659685 -34.51629757601768 26.591
74.09206368908053 -30.134082606062293 26.532
71.90944733796641 -25.810524730943143 26.536
69.88720182940597 -21.771424105390906 26.575
67.75966224767035 -17.538605742156506 26.563
65.70815230970038 -13.480326044373214 26.559
63.38039886270417 -8.906597939319909 26.539
61.356352594390046 -4.947692590765655 26.54
59.050745026557706 -0.405323994345963 26.532
57.208111238258425 3.2902520559728146 26.557
55.735708558699116 6.989811632782221 26.616
55.25967670802493 8.876921343617141 26.507
54.97594556270633 9.769044707529247 26.522
55.6983671146445 9.484236910939217 26.504
57.194745999760926 7.858005891554058 26.463
58.69868200889323 5.858184503391385 26.498
60.87103321996983 2.902002633549273 26.516
63.60012683086097 -0.8969168597832322 26.494
66.44600769982208 -4.886725598014891 26.496
69.24960207100958 -8.92804201785475 26.52
71.73752872925252 -12.783233945257962 26.545
74.16936691605952 -16.896391965448856 26.554
76.30504461529199 -20.87015825510025 26.556
78.55962436378468 -25.244717600755394 26.56
80.61979259911459 -29.324791219085455 26.571
82.70431745814858 -33.439361337572336 26.581
84.82135856430978 -37.63181778881699 26.554
86.3273942093947 -40.551341973245144 26.551
87.43237615097314 -42.71497018169612 26.542
88.04415084549692 -43.95397163089365 26.547
88.35885950730881 -44.587559033185244 26.549
88.3197439663345 -44.70086208265275 26.583
88.24438315269072 -44.699160465970635 26.593
26.94367487297859 -26.035577724687755 26.52
26.89838855806738 -26.21972177363932 26.553
25.936473323381506 -26.72571941278875 26.592
23.60744416178204 -27.873608781956136 26.607
20.217882855446078 -29.543783309869468 26.606
15.936097461963072 -31.669062924571335 26.631
11.453192255808972 -33.897810698486865 26.629
7.34912454924779 -35.943774895742536 26.628
3.0532806807314046 -38.08415996655822 26.647
-1.0049098344752565 -40.121897582896054 26.634
-5.4041509464150295 -42.28771675005555 26.653
-9.540618245489895 -44.351456181146204 26.663
-13.820626540808007 -46.498361370526254 26.668
-17.938829673454165 -48.56250872090459 26.66
-22.239256874192506 -50.70277539547533 26.675
-26.48667462018784 -52.82263451907784 26.692
-30.56343098380603 -54.872280715964735 26.656
-34.84047190961428 -56.98837949614972 26.676
-39.23351115186233 -59.18209354020655 26.671
-43.257193204946816 -61.20824308972806 26.678
-47.45347722421866 -63.28912605717778 26.694
-51.739733137888834 -65.40809283498675 26.683
-56.156317130080424 -67.63212581258267 26.645
-60.24358662246959 -69.53955644741654 26.609
-63.85728921217378 -70.51024963706732 26.597
-66.05602896993514 -70.34019645303488 26.549
-67.43744815239916 -68.6825896454975 26.562
-67.6088005831698 -67.06467678118497 26.534
-66.0664230636321 -65.84657298214734 26.527
-63.85092147998512 -64.66837130766362 26.512
-60.731212741695344 -63.01065366808325 26.548
-56.415738739131484 -60.812113595195115 26.584
-52.092875605332665 -58.690890931524336 26.588
-47.87291957542766 -56.57351235020906 26.582
-43.60915830603335 -54.43860455881804 26.584
-39.32706070516724 -52.30102252960205 26.576
-35.115689685801044 -50.1587536521256 26.583
-30.886052025307436 -48.016895120963454 26.588
-26.7363616124494 -45.97506953962147 26.559
-22.27613275096519 -43.73966072127223 26.549
-18.265820574655663 -41.69776714220643 26.544
-14.022700642235577 -39.56546186003834 26.528
-9.751900702598505 -37.421435044147074 26.525
-5.572171059669927 -35.263003706000745 26.515
-1.3767372199799865 -33.11726925242692 26.519
2.7086443217704073 -31.089404673315585 26.538
6.9898763274541125 -28.988809418864548 26.529
11.114980887563433 -26.92171802278608 26.495
16.147035896778107 -24.45540054515004 26.521
19.752180970157497 -22.648136626929045 26.521
23.49515684391372 -20.504511553794146 26.546
26.005151169141755 -18.42561672348529 26.585
26.79302136739716 -17.02688606735319 26.554
26.04043292091228 -15.346469156444073 26.562
24.377812381950207 -14.302838381379843 26.559
22.395555657567456 -14.563586513511837 26.532
20.154299784335308 -15.5684098219499 26.538
17.02296700095758 -17.034559892490506 26.551
12.824374994379468 -19.11851101461798 26.625
8.370815546484664 -21.363350031897426 26.635
4.266544892801903 -23.418565911240876 26.605
-0.028595717274583876 -25.528103512711823 26.651
-4.243671660660766 -27.633275256492198 26.667
-8.442904008668847 -29.744974775239825 26.644
-12.553547974093817 -31.778434408828616 26.62
-16.904900828492828 -33.948414391838014 26.633
-21.096593100577593 -36.02941584493965 26.627
-25.23660015175119 -38.148616187274456 26.631
-29.441109886742197 -40.29104559868574 26.652
-33.68479303072672 -42.448017983697355 26.67
-37.784731018240564 -44.51256655994803 26.611
-42.05270328884944 -46.63195180334151 26.672
-46.303175703273155 -48.78567733708769 26.67
-50.8117913287133 -51.038494523614645 26.665
-54.7699265825795 -52.99513800628483 26.66
-58.86724515527021 -55.04430339112878 26.65
-63.33641937136417 -57.27022920176387 26.621
-67.39110335661098 -59.252458803355694 26.633
-71.56720997189404 -60.642493050545454 26.629
-74.05173506017309 -60.783847972750664 26.57
-75.64659430424217 -59.26954868808389 26.569
-76.11196259985445 -57.51845896337181 26.545
-74.90908484568354 -56.25873607117683 26.522
-72.92805228353245 -55.143132254481316 26.52
-70.04525304021081 -53.655972830951214 26.497
-65.8798927620519 -51.52811264805496 26.529
-61.649546801287215 -49.355427069589496 26.547
-57.41782614600379 -47.22288965713233 26.539
-53.20486542582512 -45.111528657376766 26.546
-48.88809693069197 -42.95621944125742 26.545
-44.66386263456661 -40.85128053929657 26.545
-40.37084234133363 -38.735549160279334 26.55
-36.37741888058372 -36.7334037264809 26.548
-32.127096295706 -34.58584147039801 26.535
-27.895672964397818 -32.465624758042395 26.542
-23.69463680346962 -30.37558015715331 26.543
-19.40349519334268 -28.241277328692377 26.539
-15.109584777615964 -26.085431721061468 26.533
-10.928482191753574 -23.967154348269105 26.514
-6.828494858986232 -21.899505918845534 26.508
-2.619923912570812 -19.778758292086422 26.509
1.6466416470357217 -17.61919895093888 26.498
5.959295639418997 -15.442161631770432 26.507
10.075397583888844 -13.368695564568043 26.502
14.07668734237086 -11.32040857616812 26.498
17.716717564384453 -8.980035809800029 26.548
19.671511000720784 -7.305227120406926 26.53
19.83113075676374 -5.700965943746269 26.515
18.79410297825234 -4.171514634974301 26.547
16.98844324494712 -3.5937404530122876 26.523
14.955274278239813 -4.186636871658266 26.505
12.464529407094233 -5.312352362088859 26.505
9.088886672980152 -6.973577221855521 26.511
4.607999251456931 -9.214710074476898 26.548
0.422621795150917 -11.320555084384978 26.521
-3.803097410709597 -13.391538967378438 26.545
-12.265768985031173 -17.625829135999084 26.613
-16.647776466270443 -19.838321924209595 26.635
-20.751775564742275 -21.88118509016931 26.64
-24.89494777121581 -23.938591391779482 26.633
-29.382290438807104 -26.161040879786015 26.652
-33.40602072223555 -28.190280167385936 26.642
-37.68845060176682 -30.343288177624345 26.633
-42.03967177006416 -32.50708358641714 26.654
-8.027023389586248 -15.484163749031723 26.586
-46.16479680244811 -34.57414404582232 26.647
-50.39622746233363 -36.69434985332191 26.64
-54.63921849656617 -38.82046419009566 26.643
-58.68074516701745 -40.82768456544727 26.646
-62.96512616419932 -42.96520310733467 26.647
-67.23117084929254 -45.10004746261984 26.625
-71.56926671601832 -47.28881093207747 26.628
-75.68802971800324 -49.27575947344303 26.624
-79.78856231638929 -50.658238464035094 26.613
-82.25566873478238 -50.938859378919005 26.518
-83.87829369900282 -49.541202895343304 26.52
-84.49286422645673 -47.82068714965135 26.516
-83.44457829045132 -46.52661007642746 26.504
-81.40021465020254 -45.338373405858874 26.51
-74.79165546305012 -41.86464611347765 26.554
-78.66627369821072 -43.866369555704296 26.522
-70.31743138714228 -39.617239186540246 26.56
-66.09139628848061 -37.53395654633641 26.565
-61.78210634214338 -35.40626134444028 26.575
-57.71255039796233 -33.37190126813948 26.57
-53.40948931465391 -31.21628529764712 26.574
-49.28478208917659 -29.16773636545986 26.562
-45.04463981266599 -27.066243679262698 26.56
-40.76484155951766 -24.928611274808645 26.568
-36.55148111295421 -22.798733386211097 26.549
-32.45411826937925 -20.74647093936801 26.538
-28.178198295587208 -18.577882362529635 26.548
-24.04803302680375 -16.489323016256094 26.545
-19.774680866859853 -14.333015986718237 26.536
-15.559119653131347 -12.20626187324524 26.523
-11.313385780784301 -10.058584233745933 26.514
-7.216107983607799 -8.009391865693033 26.515
-2.9317664192640223 -5.871840005740523 26.503
1.2370659653097391 -3.7903122464194894 26.513
5.623973244044464 -1.5624890625476837 26.512
9.51095211977372 0.584047201089561 26.519
12.327595332346391 2.785626376979053 26.549
13.226721900515258 4.052225274965167 26.496
12.632128896773793 5.747591442428529 26.525
11.023797254892997 6.968994147144258 26.525
9.016511339810677 6.813743500038981 26.519
6.835610328358598 5.850766819901764 26.48
-0.17900160141289234 2.401570610702038 26.529
-4.4923975503770635 0.29244881495833397 26.542
4.021726474980824 4.479293053969741 26.47
-8.742411585641094 -1.8427914176136255 26.532
-12.981428220344242 -3.996794370934367 26.567
-17.147633258835413 -6.062942635267973 26.602
-21.378549707878847 -8.161573633551598 26.627
-25.678884389752056 -10.298753134906292 26.632
-29.882123513380066 -12.385660148225725 26.628
-34.171045304625295 -14.523092554882169 26.64
-38.28881865128642 -16.56872039102018 26.65
-42.579750576405786 -18.693757975474 26.633
-46.82536064973101 -20.835247869603336 26.643
-50.91864884342067 -22.909197013825178 26.633
-55.326490300591104 -25.15194362681359 26.633
-59.37798075180035 -27.195971501991153 26.632
-63.72242616600124 -29.362992907874286 26.635
-67.80768852040637 -31.38464999385178 26.625
-71.86133069044445 -33.42245009634644 26.624
-76.158175849705 -35.60597060993314 26.609
-80.50519458280178 -37.78526837006211 26.621
-84.67191185976844 -39.77112754341215 26.607
-88.60460085712839 -41.00617535971105 26.629
-90.8980417397106 -41.08394879382104 26.562
-92.42190739844227 -39.663833633996546 26.594
-92.95835962868296 -38.02532197441906 26.577
-91.85001831315458 -36.80358446855098 26.559
-89.9800680213375 -35.750283021479845 26.54
-87.25055656745099 -34.27201023604721 26.528
-83.15017273538979 -32.08714166935533 26.567
-78.8329137849505 -29.91025910526514 26.578
-74.29219073115382 -27.652013640850782 26.529
-70.1344618369476 -25.55793141759932 26.557
-66.12262758408906 -23.550046785734594 26.541
-61.9209565766505 -21.432264126837254 26.539
-57.589800179819576 -19.246424791403115 26.536
-53.48101428314112 -17.19443263206631 26.538
-49.33056745538488 -15.118690737523139 26.533
-45.07090943987714 -12.962089355103672 26.547
-40.9917489081854 -10.90633456967771 26.534
-36.72324040811509 -8.762272813357413 26.52
-32.635229149018414 -6.719057854264975 26.515
-28.394478222820908 -4.589794592931867 26.505
-24.13988867693115 -2.4546693358570337 26.503
-19.885650296811946 -0.3349642641842365 26.496
-15.624075779342093 1.806180345825851 26.518
-11.431989035685547 3.905691809952259 26.522
-7.170628932130057 6.03758782800287 26.529
-3.114188415638637 8.10004926752299 26.533
1.0586618224624544 10.25863872282207 26.526
4.547895898518618 12.599325122311711 26.567
6.26973951223772 14.177550921216607 26.518
6.199813384970184 15.734533832408488 26.493
4.976771768415347 17.221898184157908 26.495
3.082791159627959 17.631935198791325 26.503
0.9095421061501838 16.90641865041107 26.484
-1.7156702139182016 15.694248992949724 26.512
-5.432631117408164 13.892609161324799 26.531
-9.795999559690244 11.695122510194778 26.566
-14.077159642183688 9.495780983939767 26.557
-18.047505064867437 7.502361161634326 26.619
-22.48528263240587 5.247927114367485 26.595
-26.58449300780194 3.2142180800437927 26.599
-31.034444674209226 1.0279589025303721 26.584
-35.08057865174487 -0.982255800627172 26.585
-39.36749061307637 -3.1320746801793575 26.605
-43.43735555675812 -5.080026120878756 26.621
-47.732989117037505 -7.211126294918358 26.619
-51.80730360560119 -9.254642193205655 26.629
-56.0297958960291 -11.384304370731115 26.622
-60.35020902566612 -13.499406518414617 26.633
-64.71098070859443 -15.681488554924726 26.624
-68.80170930101303 -17.743140726350248 26.614
-73.0866378111532 -19.905329174362123 26.618
-77.17785955360159 -21.988568355329335 26.6
-81.41241354914382 -24.145718337967992 26.588
-85.69963378860848 -26.3078476106748 26.594
-94.07950100919697 -30.31245459523052 26.557
-89.85231283865869 -28.38043213635683 26.597
-97.75706197140971 -31.278599849902093 26.581
-99.64657117740717 -30.97356450650841 26.499
-100.99551492370665 -29.29508149344474 26.542
-101.16134942200733 -27.837770217098296 26.514
-99.72187786502764 -26.623519763350487 26.521
-97.64111775986385 -25.442283000797033 26.516
-94.36417609488126 -23.70172386802733 26.51
-90.32782520644832 -21.620340201072395 26.573
-85.75809572724393 -19.29177719913423 26.562
-81.68576943583321 -17.235890944488347 26.564
-77.64604425249854 -15.207040593028069 26.567
-73.37800889246864 -13.084592706523836 26.573
-69.01674776885193 -10.88092424813658 26.574
-64.86366725061089 -8.789820452220738 26.581
-60.807199735718314 -6.727391917258501 26.556
-56.48788902873639 -4.559801296330988 26.548
-52.284436568035744 -2.463656570762396 26.542
-47.77149247424677 -0.22019784711301327 26.539
-43.84265738516115 1.7556270640343428 26.531
-39.431175208475906 3.9581781961023808 26.527
-35.429477431229316 5.923102696426213 26.518
-31.207838544563856 8.015762431547046 26.508
-26.83269376726821 10.228400627151132 26.515
-22.746561858279165 12.29017992131412 26.506
-18.365408031851985 14.465653977356851 26.507
-14.390011178213172 16.48056214209646 26.521
-10.287901340518147 18.541987368837 26.521
-5.859549557324499 20.78429709561169 26.527
-2.385971133597195 23.038922352716327 26.556
-0.5997682438464835 24.634209067560732 26.559
-0.5285090240649879 26.27132755331695 26.546
-1.61306550266454 27.820372946560383 26.534
-3.3596195213031024 28.384473068639636 26.512
-5.477903222723398 27.765730898827314 26.495
-8.03467336302856 26.548931271769106 26.508
-11.433282391983084 24.88206342048943 26.535
-15.848821533028968 22.701190107502043 26.56
-20.13599176646676 20.539021709933877 26.537
-24.33187235938385 18.47354879975319 26.55
-28.44713103736285 16.437117679975927 26.577
-32.83245274069486 14.178418836556375 26.599
-37.01354062219616 12.060154906474054 26.594
-41.132746946415864 10.051595189608634 26.574
-45.39341900567524 7.950565119273961 26.56
-49.51360626221867 5.898826630786061 26.56
-53.82384348183405 3.7279409002512693 26.591
-57.932007102353964 1.6018685586750507 26.586
-62.20473537186626 -0.526654314249754 26.564
-66.43449530936778 -2.6746625835075974 26.553
-70.5107483175816 -4.7026933170855045 26.585
-74.97581630654167 -6.950306111015379 26.596
-79.11165853706188 -8.986243503168225 26.613
-83.30163090175483 -11.091935718432069 26.605
-87.43325949541759 -13.143394251354039 26.615
-91.54046769079287 -15.226263685151935 26.601
-95.70698367711157 -17.304703975096345 26.62
-100.1306661440758 -19.43905058223754 26.606
-104.31052262021694 -20.995630179531872 26.572
-107.00450416782405 -21.508744057267904 26.557
-108.7279297875939 -20.426672593690455 26.588
-109.65127269423101 -18.720776215195656 26.585
-108.99943508557044 -17.377620358020067 26.503
-107.14906356239226 -16.28067529015243 26.514
-104.56801044975873 -14.900895044207573 26.497
-100.93506579787936 -12.977048026397824 26.519
-96.61490091582527 -10.772467312403023 26.558
-92.37827511073556 -8.624631859362125 26.542
-87.91548358567525 -6.376978408545256 26.571
-83.66530084097758 -4.235616613179445 26.573
-79.75071209180169 -2.2841782215982676 26.567
-75.6121017880505 -0.2267011059448123 26.555
-71.05201379978098 2.080485767684877 26.548
-67.07437953341287 4.092228310182691 26.542
-62.983106098894496 6.178557550534606 26.536
-58.891486611857545 8.280311844311655 26.511
-54.5908032162115 10.432893612422049 26.502
-50.299326840788126 12.582599864341319 26.511
-46.08141771820374 14.712368367239833 26.511
-41.96310198586434 16.782667610794306 26.485
-37.771433430025354 18.863656007684767 26.505
-33.43880906468257 20.913686486892402 26.469
-29.1853480146965 22.999455682002008 26.49
-24.97658658074215 25.129443049430847 26.51
-20.519522108137608 27.327889080159366 26.523
-16.514374639489688 29.34520963113755 26.529
-9.436727886844892 32.85468679200858 26.531
-12.447362276550848 31.370392912067473 26.59
-7.555825179559179 33.78740284126252 26.517
-6.344285895116627 34.42045874893665 26.519
-5.719968486460857 34.74891218729317 26.512
-5.723527744296007 34.99588202405721 26.463
32.260983954998665 66.84444490075111 26.513
-5.624371901969425 34.93500549439341 26.49
32.482100265158806 66.51849405840039 26.537
32.94290340965381 65.57607791759074 26.55
34.02557118656114 63.437632190063596 26.559
35.772154322010465 59.94172931089997 26.559
37.895552882924676 55.62875300552696 26.597
40.05132755683735 51.23172106593847 26.597
42.223369212588295 46.8466670056805 26.598
44.33558251976501 42.6450459882617 26.64
46.02997856028378 38.5577906453982 26.701
46.75122981425375 35.59117284510285 26.687
46.13080981664825 34.01892182137817 26.701
44.42319271113956 33.06993329618126 26.691
42.65030158730224 33.37846897635609 26.621
41.41144074482145 35.076040003448725 26.559
40.29693419346586 37.221375529654324 26.544
38.516157512320206 40.72113520279527 26.551
36.499619355017785 44.70765496790409 26.573
34.230499097611755 49.14428161736578 26.585
32.20373243058566 53.18349795322865 26.578
30.02469326282153 57.4606995517388 26.593
27.85602990107145 61.69137585815042 26.593
25.7568917615572 65.76309048943222 26.619
23.482940005138516 70.18748614285141 26.616
21.505016674404033 74.0620387615636 26.617
19.314991314313374 78.35800938587636 26.633
17.117560491664335 82.62945921625942 26.647
14.986829307628796 86.81916403211653 26.645
12.782065461040474 91.06917838938534 26.634
10.322403080412187 94.65526467002928 26.648
8.747366458759643 96.23699270468205 26.594
7.054671387071721 95.9481058018282 26.611
5.513370352389757 94.67441346962005 26.636
5.310187683906406 92.86128047667444 26.579
6.196188589325175 90.816770311445 26.59
7.503796631703153 88.11773666739464 26.558
9.376731034368277 84.24863741733134 26.54
11.502651606919244 79.84609734546393 26.562
13.619595835451037 75.5517749870196 26.554
15.676921675156336 71.45013954211026 26.581
17.885270148923155 67.0549981398508 26.571
19.95823827944696 62.93758031260222 26.585
22.090706888993736 58.72314950823784 26.577
24.22518313972978 54.49632969498634 26.562
26.41044369834708 50.1912105884403 26.56
28.35862051381264 46.314245810732245 26.527
30.537298637151252 41.9197796061635 26.531
32.60660545725841 37.74072681367397 26.53
34.54361895332113 33.67267709970474 26.528
35.54055089666508 30.165932714939117 26.567
35.50275716482429 28.290427367202938 26.511
33.99730464955792 27.08689936902374 26.546
32.16654658457264 26.856674295850098 26.525
30.798834933317266 28.109670807607472 26.504
29.692822113691363 30.12519933655858 26.503
28.16203963267617 32.9588857376948 26.516
26.09493203088641 37.03296221513301 26.516
23.91825980891008 41.4150400524959 26.529
21.805361263337545 45.585822130553424 26.556
19.72940574475797 49.67244528979063 26.563
17.584348488948308 53.936538943089545 26.59
15.50508524000179 58.078788499347866 26.603
13.375097037060186 62.20058193709701 26.605
11.16687298566103 66.5000523366034 26.623
9.125796178122982 70.51182462833822 26.617
6.909627853077836 74.86394017189741 26.634
4.779108994756825 79.06290178839117 26.628
2.621607541339472 83.28099052980542 26.647
-1.8446595059940591 89.97693142853677 26.596
0.0842938736313954 87.67739773727953 26.605
-3.402686519199051 90.59232303593308 26.555
-5.173123907996342 89.69414412602782 26.609
-6.05822632095078 88.23897772468626 26.566
-5.552965125418268 86.23084347788244 26.562
-4.358758711256087 83.6701588369906 26.554
-2.8834681469597854 80.60625877045095 26.537
-0.786458203336224 76.3401570385322 26.573
1.3676986309583299 71.97400921024382 26.574
3.484307150240056 67.76610252819955 26.582
5.568738543312065 63.549665245227516 26.605
7.587451205123216 59.458158154040575 26.598
9.705166707513854 55.197764813899994 26.58
13.951761255855672 46.7662257514894 26.549
15.980454986798577 42.71152961533517 26.554
11.9200895553804 50.790128723718226 26.566
20.212334390729666 34.335877822712064 26.55
22.361897696973756 30.068597592413425 26.546
24.04603532841429 25.932190380059183 26.572
18.158654860570095 38.397309098392725 26.556
24.74363795411773 23.132754499092698 26.562
24.106111679633614 21.511513708159328 26.535
22.398016374383587 20.642780135385692 26.542
20.673079193395097 20.950238024815917 26.501
19.480001648596954 22.449267329648137 26.496
18.218874520272948 24.678157767280936 26.502
16.48055655497592 27.93316096160561 26.515
14.343234496482182 32.13535812869668 26.549
9.968568658339791 40.7642149887979 26.536
12.136601727688685 36.50577225163579 26.535
7.887911620084196 44.84477588534355 26.581
5.6477458020090126 49.34865317866206 26.594
3.6450859903125092 53.44288411643356 26.609
1.4422681332216598 57.779268958605826 26.626
-0.6192194040631875 61.79767755884677 26.634
-2.742817838676274 65.99957116227597 26.635
-4.861010019900277 70.23837683908641 26.635
-6.860274467500858 74.28007081709802 26.64
-8.99957147729583 78.49466595612466 26.638
-11.334346568852197 82.34951675496995 26.624
-13.373731695814058 84.716357386671 26.605
-15.01956138398964 84.98500412516296 26.546
-16.655423991731368 83.9757730923593 26.567
-17.330940713291056 82.39242754876614 26.512
-16.69234247447457 80.31955717876554 26.54
-15.568217836495023 77.89315711334348 26.544
-13.89038082526531 74.38953530974686 26.546
-11.814276390243322 70.10847184248269 26.594
-9.637636286439374 65.72638182807714 26.571
-7.413873425452039 61.30619455035776 26.583
-5.424838418723084 57.31719579640776 26.572
-3.3698706577997655 53.21252174396068 26.564
-1.222820748691447 48.93603154923767 26.544
0.851589921861887 44.781541883945465 26.552
2.9858494518557563 40.545461799018085 26.546
5.102609192603268 36.343725175596774 26.554
7.247316774039064 32.064205021597445 26.543
9.382560112979263 27.87131078634411 26.544
11.42987507081125 23.831623507663608 26.551
13.098773273872212 19.627663151361048 26.581
13.736959749599919 17.030165895819664 26.562
13.145312302862294 15.417147886008024 26.481
11.336508857435547 14.439591743052006 26.488
9.703543319599703 14.772749605588615 26.456
8.525685849017464 16.237489697523415 26.452
7.273207622813061 18.444583990611136 26.459
5.561948112910613 21.683548161759973 26.516
1.1787940741050988 30.442219286225736 26.595
-1.0046625704271719 34.72570302337408 26.582
3.4105960330343805 25.972477115690708 26.565
-3.0040266762371175 38.66246928460896 26.585
-5.14264151500538 42.90790809225291 26.59
-7.288592338212766 47.13191063981503 26.607
-9.416341063391883 51.35241662431508 26.614
-11.440868446254171 55.388510207645595 26.636
-13.60631839709822 59.659247511066496 26.634
-15.774049168801866 63.930037185549736 26.631
-17.939284416264854 68.21002965979278 26.614
-19.933712523779832 72.16212100442499 26.586
-22.197257185762282 76.13572467956692 26.548
-24.390832059900276 78.8578702127561 26.545
-25.928098192205653 79.4820560393855 26.51
-27.72601463587489 78.58141740318388 26.577
-28.642011703690514 76.9726457959041 26.562
-28.17099367402261 75.06712538003922 26.564
-27.044100420433097 72.66226359829307 26.562
-25.514096101687755 69.49219404533505 26.544
-23.3464060270926 65.01771804038435 26.581
-21.161001567554194 60.51815365906805 26.565
-19.010287273675203 56.30329685192555 26.545
-16.999257151503116 52.276764169335365 26.556
-14.852284745662473 47.99718502629548 26.531
-12.80242778675165 43.96977655403316 26.526
-10.54689715092536 39.53961255121976 26.531
-8.51530402165372 35.512618301436305 26.516
-6.246902087063063 31.04513179510832 26.503
-4.197383056860417 27.002303505316377 26.488
-2.0479014010634273 22.73193091712892 26.478
-0.015670705237425864 18.732700395397842 26.481
1.9335903119063005 14.297116409987211 26.503
2.767668415035587 11.167466256767511 26.506
2.4446357142878696 9.409505131654441 26.488
0.8073651702143252 8.338578850962222 26.509
-0.9174135524081066 8.34977110195905 26.506
-2.217627284990158 9.75864118244499 26.485
-3.429014055931475 11.862967222929 26.51
-4.961862568801735 14.705966293811798 26.536
-7.085683905286714 18.898606980219483 26.55
-9.30107826931635 23.386498662643135 26.572
-11.34831199265318 27.429276883602142 26.567
-13.550781679339707 31.78108903672546 26.605
-15.647413828643039 35.86201838217676 26.622
-17.97738018189557 40.43582744151354 26.637
-19.912807760818396 44.26931256428361 26.638
-22.034867605310865 48.539072051644325 26.628
-24.111354707623832 52.6010326417163 26.601
-26.281627660267986 56.96138060931116 26.582
-28.45578450441826 61.25083645991981 26.62
-30.510263822972775 65.27526867948472 26.594
-32.810432755737565 69.54905704502016 26.607
-35.13051453710068 72.63822679407895 26.608
-36.71563735604286 73.8745479285717 26.542
-39.700859497417696 71.99775493051857 26.541
-38.54242699104361 73.3140374859795 26.575
-39.561875760846306 70.0596176609397 26.503
-38.76979179272894 68.00487929489464 26.491
-37.4314433602849 65.04899416491389 26.498
-35.45903903269209 61.03258669190109 26.523
-33.25530202058144 56.53569007106125 26.556
-31.11580248415703 52.33034105040133 26.525
-29.07509064709302 48.30313390027732 26.539
-26.957532485597767 44.03655990771949 26.568
-24.80784484441392 39.877274841070175 26.577
-22.601637612329796 35.590182630345225 26.538
-20.447549361444544 31.220943761989474 26.527
-18.365247455076315 27.112561674788594 26.543
-16.293664197612088 23.0352837247774 26.503
-14.176073361479212 18.870555710978806 26.482
-12.0542772753397 14.588461003266275 26.5
-10.005592310801148 10.50861662812531 26.491
-8.567876324581448 6.48886888101697 26.565
-8.112146509985905 4.108433863148093 26.499
-9.175313832121901 2.6603767815977335 26.475
-11.04636092169676 1.9619830567389727 26.495
-12.548136350465938 2.6409131940454245 26.479
-13.77548607881181 4.443162228912115 26.503
-15.15870603028452 6.9309654058888555 26.523
-16.974887620541267 10.480917887762189 26.527
-19.10208584065549 14.72610279545188 26.517
-21.314788742922246 19.13061257172376 26.519
-23.39121653995244 23.19565706513822 26.541
-25.5731973911752 27.54392419755459 26.559
-27.65134594734991 31.63369809091091 26.595
-29.69420838484075 35.6671252604574 26.59
-31.82444064557785 39.87843625154346 26.588
-34.07150391326286 44.37939717900008 26.595
-36.06453680759296 48.39318391960114 26.563
-38.21592424600385 52.679042246192694 26.571
-40.25316083850339 56.75863790139556 26.55
-42.38018970529083 61.010000047273934 26.531
-46.898273915052414 67.63616122119129 26.486
-44.69007887766929 65.05563946533948 26.506
-48.452764166286215 68.3070330126211 26.501
-50.28000829607481 67.52433523908257 26.534
-51.22927353065461 66.06136575434357 26.515
-50.8704540443141 64.04419290553778 26.565
-49.903804871835746 61.828115882351995 26.556
-48.418906017031986 58.785591235384345 26.563
-46.3062788315583 54.50369140505791 26.614
-44.118305816780776 50.11824769433588 26.592
-39.811855637526605 41.608167302794755 26.545
-41.92311374453129 45.84991420339793 26.568
-37.67789786780486 37.359735989011824 26.539
-35.588076586369425 33.180197482928634 26.547
-33.46462541358778 28.972124736756086 26.539
-31.34863323380705 24.838288186118007 26.547
-29.177429318020586 20.619879623875022 26.528
-27.080451150774024 16.554368931800127 26.522
-24.919352144468576 12.292984692379832 26.51
-22.7899425792275 8.044661806896329 26.527
-19.41344385355478 -0.0647972272709012 26.562
-19.05145342706237 -2.2456034813076258 26.508
-20.271638148464262 -3.6654222207143903 26.528
-22.131934140226804 -4.191233430989087 26.523
-20.79441266611684 3.9382401229813695 26.539
-23.64192210341571 -3.370153933763504 26.514
-24.776267959037796 -1.5977794667705894 26.533
-26.210877713689115 1.0424069995060563 26.542
-28.080678174388595 4.646038134582341 26.582
-30.33281197817996 9.125508655793965 26.611
-32.445079321740195 13.222226931713521 26.584
-34.57669529085979 17.473689146339893 26.59
-36.62210441631032 21.596673218533397 26.602
-40.89972168352688 30.069065537303686 26.63
-38.744859246653505 25.835592299699783 26.621
-43.07278073870111 34.30603694356978 26.613
-45.204383032396436 38.55750288721174 26.639
-47.28929782775231 42.650522463954985 26.636
-49.372065824631136 46.737322059459984 26.638
-51.535421732929535 50.998766391538084 26.651
-53.65871520480141 55.213014335371554 26.631
-55.86841632926371 59.14220691751689 26.6
-58.11014973989222 61.856193421408534 26.615
-59.540278766071424 62.57054872158915 26.518
-61.37563151214272 61.73248684592545 26.581
-62.42551890743198 60.265620747581124 26.559
-61.973840316350106 58.21240110043436 26.519
-60.87606775050517 55.934722553007305 26.546
-59.26346219039988 52.679452979937196 26.537
-57.18833654356422 48.45703351125121 26.566
-55.0097814083565 44.059454570524395 26.568
-52.961200519814156 39.976511953398585 26.572
-50.84025468502659 35.75923151988536 26.583
-48.71937584585976 31.538867285475135 26.582
-46.62063358630985 27.349865312688053 26.576
-44.47332156938501 23.085699647665024 26.579
-42.40335506486008 18.937469099648297 26.569
-40.28011206013616 14.720140748657286 26.567
-38.1489698322257 10.548926464281976 26.587
-36.07552679651417 6.453083700500429 26.543
-33.87992914696224 1.9995777271687984 26.523
-31.866064725094475 -2.1041755080223083 26.509
-30.489512113039382 -5.999101336114109 26.566
-30.00694238266442 -8.404833503998816 26.517
-31.09406785434112 -9.901724047027528 26.54
-32.913416638970375 -10.536471918225288 26.561
-34.41852214280516 -9.903753641061485 26.528
-35.59979419404408 -8.185867068357766 26.513
-36.84961505851243 -5.86155204102397 26.521
-38.665388084889855 -2.394928039982915 26.53
-40.84445781429531 1.981053021736443 26.614
-43.02303669916 6.378626668825746 26.592
-45.04686298838351 10.44557533506304 26.608
-47.25140959722921 14.704862141981721 26.658
-51.54634593590163 23.017174541018903 26.642
-53.71856465539895 27.29116385243833 26.643
-55.84468953416217 31.582628956995904 26.62
-57.94265808619093 35.80556389223784 26.609
-59.98182413500035 39.90063971094787 26.61
-49.544214981317054 19.203775573521852 26.642
-62.10353002609918 44.08399315457791 26.617
-64.23201440484263 48.270586726255715 26.631
-66.46983147447463 52.4719967674464 26.626
-68.763948585256 55.59762461762875 26.632
-70.43394824292045 57.02103908453137 26.545
-72.12806851032656 56.56863865163177 26.606
-73.49086875899229 55.2076027719304 26.619
-73.51019676978467 53.442779396660626 26.601
-72.5670692740241 51.29821141064167 26.597
-71.19058943144046 48.41243819240481 26.58
-69.24595084926113 44.381217560730875 26.563
-67.04050314292544 39.85958197619766 26.569
-64.98099754325813 35.7547858171165 26.577
-62.84075947542442 31.481515288352966 26.589
-60.75288592709694 27.317443255335093 26.584
-58.72581452189479 23.293621544726193 26.575
-56.57228477939498 19.00153629016131 26.564
-54.3966129248729 14.678090251982212 26.548
-52.294748008134775 10.52604962978512 26.534
-50.247392305289395 6.489428075961769 26.514
-47.95935901557095 1.9813641896471381 26.495
-45.90819749981165 -2.089289093390107 26.492
-43.93724001327064 -6.170473585836589 26.521
-42.82634970580693 -9.587222354486585 26.55
-42.42021275917068 -11.33079897146672 26.543
-42.72984369180631 -11.888561395928264 26.531
-44.246715503628366 -11.271005663089454 26.544
-46.27112096478231 -9.858105715364218 26.494
-48.76927552279085 -7.570385489612818 26.52
-51.57937293383293 -3.9208083683624864 26.541
-53.97674002114218 0.19779059197753668 26.536
-56.057391317910515 4.176529455929995 26.535
-58.191645549901295 8.310786500573158 26.57
-60.34319025371224 12.488640801981091 26.591
-62.499212824041024 16.77152517065406 26.615
-64.61635799624491 20.954775856807828 26.63
-66.8698572886642 25.37256818730384 26.602
-68.80568179034162 29.187560136429965 26.59
-71.08206443174277 33.70462718885392 26.604
-73.08498154231347 37.684701424092054 26.627
-75.25406190002104 41.99566091503948 26.634
-77.39512554812245 46.23192108888179 26.585
-79.6643646217417 49.548329686746 26.649
-83.34307003871072 50.95543066877872 26.524
-81.41755115689011 51.33470316976309 26.546
-84.6986393983243 49.813347859308124 26.527
-84.95199892215896 48.10627872403711 26.506
-84.12436313414946 46.00752543192357 26.501
-82.61475604312727 43.04775972571224 26.549
-80.90599993511569 39.598972017876804 26.559
-78.52644291345496 34.6938042268157 26.602
-76.56712613091804 30.705455515533686 26.573
-74.58983390894718 26.6025147754699 26.584
-73.42699877475388 23.159896860830486 26.602
-72.94484879879747 21.24177708476782 26.579
-73.33991750585847 20.846425296738744 26.595
-74.60340061795432 21.65577236842364 26.576
-75.94677749217954 23.0748910587281 26.539
-78.11845485528465 25.5527550438419 26.568
-80.92995193460956 28.936970978043973 26.536
-83.95710258453619 32.98957868758589 26.541
-86.41994736692868 36.83809221815318 26.545
-88.61032214417355 40.8131505753845 26.581
-90.09186123858672 43.599460469558835 26.577
-90.9964941116632 45.42529047746211 26.581
-91.6238830568036 46.578251384198666 26.62
-91.93201654416043 47.097512937150896 26.603
-92.07947644608794 47.14405210595578 26.609
-92.14395855052862 47.222662788815796 26.601
